//Probabilities	of	entering	screening,	by	age	group	and	ART	status																																																																																																																														
0	0	0	0	0	0	0	0	0	0	0	0	0	0	0	0.008	0.008	0.008	0.008	0.008	0.008	0.008	0.008	0.008	0.008	0.008	0.008	0.008	0.008	0.008	0.008	0.008	0.008	0.008	0.008	0.004	0.006	0.008	0.008	0.008	0.008	0.008	0.008	0.008	0.008	0.008	0.008	0.008	0.008	0.008	0.008	0.008	0.008	0.008	0.008	0.008	0.008	0.008	0.008	0.008	0.008	0.008	0.008	0.008	0.008	0.008	0.008	0.008	0.008	0.008	0.008	0.008	0.008	0.008	0.008	0.008	0.008	0.008	0.008	0.008	0.008	0.008	0.008	0.008	0.008	0.008	0.008	0.008	0.008	0.008	0.008	0.008	0.008	0.008	0.008	0.008	0.008	0.008	0.008	0.008	0.008	0.008	0.008	0.008	0.008	0.008	0.008	0.008	0.008	0.008	0.008	0.008	0.008	0.008	0.008	0.008	0.008	0.008	0.008	0.008	0.008	0.008	0.008	0.008	0.008	0.008	0.008	0.008	0.008	0.008	0.008	0.008	0.008	0.008	0.008	0.008
0	0	0	0	0	0	0	0	0	0	0	0	0	0	0	0.0082	0.0165	0.0247	0.0329	0.0411	0.0494	0.0576	0.0658	0.074	0.0823	0.0905	0.0905	0.0905	0.0905	0.0905	0.0905	0.0905	0.0905	0.0905	0.0905	0.04525	0.067875	0.0905	0.0905	0.0905	0.0905	0.0905	0.0905	0.0905	0.0905	0.0905	0.0905	0.0905	0.0905	0.0905	0.0905	0.0905	0.0905	0.0905	0.0905	0.0905	0.0905	0.0905	0.0905	0.0905	0.0905	0.0905	0.0905	0.0905	0.0905	0.0905	0.0905	0.0905	0.0905	0.0905	0.0905	0.0905	0.0905	0.0905	0.0905	0.0905	0.0905	0.0905	0.0905	0.0905	0.0905	0.0905	0.0905	0.0905	0.0905	0.0905	0.0905	0.0905	0.0905	0.0905	0.0905	0.0905	0.0905	0.0905	0.0905	0.0905	0.0905	0.0905	0.0905	0.0905	0.0905	0.0905	0.0905	0.0905	0.0905	0.0905	0.0905	0.0905	0.0905	0.0905	0.0905	0.0905	0.0905	0.0905	0.0905	0.0905	0.0905	0.0905	0.0905	0.0905	0.0905	0.0905	0.0905	0.0905	0.0905	0.0905	0.0905	0.0905	0.0905	0.0905	0.0905	0.0905	0.0905	0.0905	0.0905	0.0905
0	0	0	0	0	0	0	0	0	0	0	0	0	0	0	0.0052	0.0105	0.0157	0.021	0.0262	0.0315	0.0367	0.0419	0.0472	0.0524	0.0577	0.0577	0.0577	0.0577	0.0577	0.0577	0.0577	0.0577	0.0577	0.0577	0.02885	0.043275	0.0577	0.0577	0.0577	0.0577	0.0577	0.0577	0.0577	0.0577	0.0577	0.0577	0.0577	0.0577	0.0577	0.0577	0.0577	0.0577	0.0577	0.0577	0.0577	0.0577	0.0577	0.0577	0.0577	0.0577	0.0577	0.0577	0.0577	0.0577	0.0577	0.0577	0.0577	0.0577	0.0577	0.0577	0.0577	0.0577	0.0577	0.0577	0.0577	0.0577	0.0577	0.0577	0.0577	0.0577	0.0577	0.0577	0.0577	0.0577	0.0577	0.0577	0.0577	0.0577	0.0577	0.0577	0.0577	0.0577	0.0577	0.0577	0.0577	0.0577	0.0577	0.0577	0.0577	0.0577	0.0577	0.0577	0.0577	0.0577	0.0577	0.0577	0.0577	0.0577	0.0577	0.0577	0.0577	0.0577	0.0577	0.0577	0.0577	0.0577	0.0577	0.0577	0.0577	0.0577	0.0577	0.0577	0.0577	0.0577	0.0577	0.0577	0.0577	0.0577	0.0577	0.0577	0.0577	0.0577	0.0577	0.0577	0.0577
0	0	0	0	0	0	0	0	0	0	0	0	0	0	0	0.0077	0.0155	0.0232	0.031	0.0387	0.0464	0.0542	0.0619	0.0696	0.0774	0.0851	0.0851	0.0851	0.0851	0.0851	0.0851	0.0851	0.0851	0.0851	0.0851	0.04255	0.063825	0.0851	0.0851	0.0851	0.0851	0.0851	0.0851	0.0851	0.0851	0.0851	0.0851	0.0851	0.0851	0.0851	0.0851	0.0851	0.0851	0.0851	0.0851	0.0851	0.0851	0.0851	0.0851	0.0851	0.0851	0.0851	0.0851	0.0851	0.0851	0.0851	0.0851	0.0851	0.0851	0.0851	0.0851	0.0851	0.0851	0.0851	0.0851	0.0851	0.0851	0.0851	0.0851	0.0851	0.0851	0.0851	0.0851	0.0851	0.0851	0.0851	0.0851	0.0851	0.0851	0.0851	0.0851	0.0851	0.0851	0.0851	0.0851	0.0851	0.0851	0.0851	0.0851	0.0851	0.0851	0.0851	0.0851	0.0851	0.0851	0.0851	0.0851	0.0851	0.0851	0.0851	0.0851	0.0851	0.0851	0.0851	0.0851	0.0851	0.0851	0.0851	0.0851	0.0851	0.0851	0.0851	0.0851	0.0851	0.0851	0.0851	0.0851	0.0851	0.0851	0.0851	0.0851	0.0851	0.0851	0.0851	0.0851	0.0851
0	0	0	0	0	0	0	0	0	0	0	0	0	0	0	0	0	0	0	0	0.0462	0.0925	0.1387	0.185	0.2312	0.2774	0.3237	0.3699	0.4162	0.4624	0.5086	0.5549	0.6011	0.6011	0.6011	0.30055	0.450825	0.6011	0.6011	0.6011	0.6011	0.6011	0.6011	0.6011	0.6011	0.6011	0.6011	0.6011	0.6011	0.6011	0.6011	0.6011	0.6011	0.6011	0.6011	0.6011	0.6011	0.6011	0.6011	0.6011	0.6011	0.6011	0.6011	0.6011	0.6011	0.6011	0.6011	0.6011	0.6011	0.6011	0.6011	0.6011	0.6011	0.6011	0.6011	0.6011	0.6011	0.6011	0.6011	0.6011	0.6011	0.6011	0.6011	0.6011	0.6011	0.6011	0.6011	0.6011	0.6011	0.6011	0.6011	0.6011	0.6011	0.6011	0.6011	0.6011	0.6011	0.6011	0.6011	0.6011	0.6011	0.6011	0.6011	0.6011	0.6011	0.6011	0.6011	0.6011	0.6011	0.6011	0.6011	0.6011	0.6011	0.6011	0.6011	0.6011	0.6011	0.6011	0.6011	0.6011	0.6011	0.6011	0.6011	0.6011	0.6011	0.6011	0.6011	0.6011	0.6011	0.6011	0.6011	0.6011	0.6011	0.6011	0.6011	0.6011
0	0	0	0	0	0	0	0	0	0	0	0	0	0	0	0	0	0	0	0	0.048	0.096	0.1439	0.1919	0.2399	0.2879	0.3358	0.3838	0.4318	0.4798	0.5277	0.5757	0.6237	0.6237	0.6237	0.31185	0.467775	0.6237	0.6237	0.6237	0.6237	0.6237	0.6237	0.6237	0.6237	0.6237	0.6237	0.6237	0.6237	0.6237	0.6237	0.6237	0.6237	0.6237	0.6237	0.6237	0.6237	0.6237	0.6237	0.6237	0.6237	0.6237	0.6237	0.6237	0.6237	0.6237	0.6237	0.6237	0.6237	0.6237	0.6237	0.6237	0.6237	0.6237	0.6237	0.6237	0.6237	0.6237	0.6237	0.6237	0.6237	0.6237	0.6237	0.6237	0.6237	0.6237	0.6237	0.6237	0.6237	0.6237	0.6237	0.6237	0.6237	0.6237	0.6237	0.6237	0.6237	0.6237	0.6237	0.6237	0.6237	0.6237	0.6237	0.6237	0.6237	0.6237	0.6237	0.6237	0.6237	0.6237	0.6237	0.6237	0.6237	0.6237	0.6237	0.6237	0.6237	0.6237	0.6237	0.6237	0.6237	0.6237	0.6237	0.6237	0.6237	0.6237	0.6237	0.6237	0.6237	0.6237	0.6237	0.6237	0.6237	0.6237	0.6237	0.6237
0	0	0	0	0	0	0	0	0	0	0	0	0	0	0	0	0	0	0	0	0.0435	0.0869	0.1304	0.1738	0.2173	0.2608	0.3042	0.3477	0.3912	0.4346	0.4781	0.5215	0.565	0.6085	0.6085	0.30425	0.456375	0.6085	0.6085	0.6085	0.6085	0.6085	0.6085	0.6085	0.6085	0.6085	0.6085	0.6085	0.6085	0.6085	0.6085	0.6085	0.6085	0.6085	0.6085	0.6085	0.6085	0.6085	0.6085	0.6085	0.6085	0.6085	0.6085	0.6085	0.6085	0.6085	0.6085	0.6085	0.6085	0.6085	0.6085	0.6085	0.6085	0.6085	0.6085	0.6085	0.6085	0.6085	0.6085	0.6085	0.6085	0.6085	0.6085	0.6085	0.6085	0.6085	0.6085	0.6085	0.6085	0.6085	0.6085	0.6085	0.6085	0.6085	0.6085	0.6085	0.6085	0.6085	0.6085	0.6085	0.6085	0.6085	0.6085	0.6085	0.6085	0.6085	0.6085	0.6085	0.6085	0.6085	0.6085	0.6085	0.6085	0.6085	0.6085	0.6085	0.6085	0.6085	0.6085	0.6085	0.6085	0.6085	0.6085	0.6085	0.6085	0.6085	0.6085	0.6085	0.6085	0.6085	0.6085	0.6085	0.6085	0.6085	0.6085	0.6085
0	0	0	0	0	0	0	0	0	0	0	0	0	0	0	0	0	0	0	0	0.0534	0.1067	0.1601	0.2134	0.2668	0.3201	0.3735	0.4268	0.4802	0.5335	0.5869	0.6402	0.6936	0.7469	0.7469	0.37345	0.560175	0.7469	0.7469	0.7469	0.7469	0.7469	0.7469	0.7469	0.7469	0.7469	0.7469	0.7469	0.7469	0.7469	0.7469	0.7469	0.7469	0.7469	0.7469	0.7469	0.7469	0.7469	0.7469	0.7469	0.7469	0.7469	0.7469	0.7469	0.7469	0.7469	0.7469	0.7469	0.7469	0.7469	0.7469	0.7469	0.7469	0.7469	0.7469	0.7469	0.7469	0.7469	0.7469	0.7469	0.7469	0.7469	0.7469	0.7469	0.7469	0.7469	0.7469	0.7469	0.7469	0.7469	0.7469	0.7469	0.7469	0.7469	0.7469	0.7469	0.7469	0.7469	0.7469	0.7469	0.7469	0.7469	0.7469	0.7469	0.7469	0.7469	0.7469	0.7469	0.7469	0.7469	0.7469	0.7469	0.7469	0.7469	0.7469	0.7469	0.7469	0.7469	0.7469	0.7469	0.7469	0.7469	0.7469	0.7469	0.7469	0.7469	0.7469	0.7469	0.7469	0.7469	0.7469	0.7469	0.7469	0.7469	0.7469	0.7469
//Reasons	for	screening,	by	age	group	and	ART	status																																																																																																																															
0	0	0	0	0	0	0	0	0	0	0	0	0	0	0	0.573	0.573	0.573	0.573	0.573	0.573	0.573	0.573	0.494	0.47	0.437	0.43	0.446	0.426	0.422	0.444	0.49	0.568	0.519	0.519	0.519	0.519	0.519	0.519	0.519	0.519	0.519	0.519	0.519	0.519	0.519	0.519	0.519	0.519	0.519	0.519	0.519	0.519	0.519	0.519	0.519	0.519	0.519	0.519	0.519	0.519	0.519	0.519	0.519	0.519	0.519	0.519	0.519	0.519	0.519	0.519	0.519	0.519	0.519	0.519	0.519	0.519	0.519	0.519	0.519	0.519	0.519	0.519	0.519	0.519	0.519	0.519	0.519	0.519	0.519	0.519	0.519	0.519	0.519	0.519	0.519	0.519	0.519	0.519	0.519	0.519	0.519	0.519	0.519	0.519	0.519	0.519	0.519	0.519	0.519	0.519	0.519	0.519	0.519	0.519	0.519	0.519	0.519	0.519	0.519	0.519	0.519	0.519	0.519	0.519	0.519	0.519	0.519	0.519	0.519	0.519	0.519	0.519	0.519	0.519	0.519
0	0	0	0	0	0	0	0	0	0	0	0	0	0	0	0.753	0.753	0.753	0.753	0.753	0.753	0.753	0.753	0.731	0.752	0.771	0.782	0.795	0.821	0.838	0.865	0.875	0.884	0.892	0.892	0.892	0.892	0.892	0.892	0.892	0.892	0.892	0.892	0.892	0.892	0.892	0.892	0.892	0.892	0.892	0.892	0.892	0.892	0.892	0.892	0.892	0.892	0.892	0.892	0.892	0.892	0.892	0.892	0.892	0.892	0.892	0.892	0.892	0.892	0.892	0.892	0.892	0.892	0.892	0.892	0.892	0.892	0.892	0.892	0.892	0.892	0.892	0.892	0.892	0.892	0.892	0.892	0.892	0.892	0.892	0.892	0.892	0.892	0.892	0.892	0.892	0.892	0.892	0.892	0.892	0.892	0.892	0.892	0.892	0.892	0.892	0.892	0.892	0.892	0.892	0.892	0.892	0.892	0.892	0.892	0.892	0.892	0.892	0.892	0.892	0.892	0.892	0.892	0.892	0.892	0.892	0.892	0.892	0.892	0.892	0.892	0.892	0.892	0.892	0.892	0.892
0	0	0	0	0	0	0	0	0	0	0	0	0	0	0	0.761	0.761	0.761	0.761	0.761	0.761	0.761	0.761	0.735	0.758	0.781	0.791	0.789	0.804	0.812	0.833	0.842	0.853	0.854	0.854	0.854	0.854	0.854	0.854	0.854	0.854	0.854	0.854	0.854	0.854	0.854	0.854	0.854	0.854	0.854	0.854	0.854	0.854	0.854	0.854	0.854	0.854	0.854	0.854	0.854	0.854	0.854	0.854	0.854	0.854	0.854	0.854	0.854	0.854	0.854	0.854	0.854	0.854	0.854	0.854	0.854	0.854	0.854	0.854	0.854	0.854	0.854	0.854	0.854	0.854	0.854	0.854	0.854	0.854	0.854	0.854	0.854	0.854	0.854	0.854	0.854	0.854	0.854	0.854	0.854	0.854	0.854	0.854	0.854	0.854	0.854	0.854	0.854	0.854	0.854	0.854	0.854	0.854	0.854	0.854	0.854	0.854	0.854	0.854	0.854	0.854	0.854	0.854	0.854	0.854	0.854	0.854	0.854	0.854	0.854	0.854	0.854	0.854	0.854	0.854	0.854
0	0	0	0	0	0	0	0	0	0	0	0	0	0	0	0.741	0.741	0.741	0.741	0.741	0.741	0.741	0.741	0.736	0.783	0.801	0.811	0.81	0.815	0.812	0.841	0.845	0.846	0.854	0.854	0.854	0.854	0.854	0.854	0.854	0.854	0.854	0.854	0.854	0.854	0.854	0.854	0.854	0.854	0.854	0.854	0.854	0.854	0.854	0.854	0.854	0.854	0.854	0.854	0.854	0.854	0.854	0.854	0.854	0.854	0.854	0.854	0.854	0.854	0.854	0.854	0.854	0.854	0.854	0.854	0.854	0.854	0.854	0.854	0.854	0.854	0.854	0.854	0.854	0.854	0.854	0.854	0.854	0.854	0.854	0.854	0.854	0.854	0.854	0.854	0.854	0.854	0.854	0.854	0.854	0.854	0.854	0.854	0.854	0.854	0.854	0.854	0.854	0.854	0.854	0.854	0.854	0.854	0.854	0.854	0.854	0.854	0.854	0.854	0.854	0.854	0.854	0.854	0.854	0.854	0.854	0.854	0.854	0.854	0.854	0.854	0.854	0.854	0.854	0.854	0.854
0	0	0	0	0	0	0	0	0	0	0	0	0	0	0	0.503	0.503	0.503	0.503	0.503	0.503	0.503	0.503	0.407	0.366	0.342	0.347	0.356	0.355	0.356	0.377	0.455	0.488	0.469	0.469	0.469	0.469	0.469	0.469	0.469	0.469	0.469	0.469	0.469	0.469	0.469	0.469	0.469	0.469	0.469	0.469	0.469	0.469	0.469	0.469	0.469	0.469	0.469	0.469	0.469	0.469	0.469	0.469	0.469	0.469	0.469	0.469	0.469	0.469	0.469	0.469	0.469	0.469	0.469	0.469	0.469	0.469	0.469	0.469	0.469	0.469	0.469	0.469	0.469	0.469	0.469	0.469	0.469	0.469	0.469	0.469	0.469	0.469	0.469	0.469	0.469	0.469	0.469	0.469	0.469	0.469	0.469	0.469	0.469	0.469	0.469	0.469	0.469	0.469	0.469	0.469	0.469	0.469	0.469	0.469	0.469	0.469	0.469	0.469	0.469	0.469	0.469	0.469	0.469	0.469	0.469	0.469	0.469	0.469	0.469	0.469	0.469	0.469	0.469	0.469	0.469
0	0	0	0	0	0	0	0	0	0	0	0	0	0	0	0.536	0.536	0.536	0.536	0.536	0.536	0.536	0.536	0.481	0.526	0.501	0.509	0.528	0.573	0.603	0.654	0.712	0.746	0.751	0.751	0.751	0.751	0.751	0.751	0.751	0.751	0.751	0.751	0.751	0.751	0.751	0.751	0.751	0.751	0.751	0.751	0.751	0.751	0.751	0.751	0.751	0.751	0.751	0.751	0.751	0.751	0.751	0.751	0.751	0.751	0.751	0.751	0.751	0.751	0.751	0.751	0.751	0.751	0.751	0.751	0.751	0.751	0.751	0.751	0.751	0.751	0.751	0.751	0.751	0.751	0.751	0.751	0.751	0.751	0.751	0.751	0.751	0.751	0.751	0.751	0.751	0.751	0.751	0.751	0.751	0.751	0.751	0.751	0.751	0.751	0.751	0.751	0.751	0.751	0.751	0.751	0.751	0.751	0.751	0.751	0.751	0.751	0.751	0.751	0.751	0.751	0.751	0.751	0.751	0.751	0.751	0.751	0.751	0.751	0.751	0.751	0.751	0.751	0.751	0.751	0.751
0	0	0	0	0	0	0	0	0	0	0	0	0	0	0	0.523	0.523	0.523	0.523	0.523	0.523	0.523	0.523	0.473	0.514	0.522	0.518	0.519	0.549	0.58	0.62	0.678	0.721	0.736	0.736	0.736	0.736	0.736	0.736	0.736	0.736	0.736	0.736	0.736	0.736	0.736	0.736	0.736	0.736	0.736	0.736	0.736	0.736	0.736	0.736	0.736	0.736	0.736	0.736	0.736	0.736	0.736	0.736	0.736	0.736	0.736	0.736	0.736	0.736	0.736	0.736	0.736	0.736	0.736	0.736	0.736	0.736	0.736	0.736	0.736	0.736	0.736	0.736	0.736	0.736	0.736	0.736	0.736	0.736	0.736	0.736	0.736	0.736	0.736	0.736	0.736	0.736	0.736	0.736	0.736	0.736	0.736	0.736	0.736	0.736	0.736	0.736	0.736	0.736	0.736	0.736	0.736	0.736	0.736	0.736	0.736	0.736	0.736	0.736	0.736	0.736	0.736	0.736	0.736	0.736	0.736	0.736	0.736	0.736	0.736	0.736	0.736	0.736	0.736	0.736	0.736
0	0	0	0	0	0	0	0	0	0	0	0	0	0	0	0.526	0.526	0.526	0.526	0.526	0.526	0.526	0.526	0.462	0.566	0.512	0.516	0.539	0.57	0.608	0.628	0.693	0.719	0.738	0.738	0.738	0.738	0.738	0.738	0.738	0.738	0.738	0.738	0.738	0.738	0.738	0.738	0.738	0.738	0.738	0.738	0.738	0.738	0.738	0.738	0.738	0.738	0.738	0.738	0.738	0.738	0.738	0.738	0.738	0.738	0.738	0.738	0.738	0.738	0.738	0.738	0.738	0.738	0.738	0.738	0.738	0.738	0.738	0.738	0.738	0.738	0.738	0.738	0.738	0.738	0.738	0.738	0.738	0.738	0.738	0.738	0.738	0.738	0.738	0.738	0.738	0.738	0.738	0.738	0.738	0.738	0.738	0.738	0.738	0.738	0.738	0.738	0.738	0.738	0.738	0.738	0.738	0.738	0.738	0.738	0.738	0.738	0.738	0.738	0.738	0.738	0.738	0.738	0.738	0.738	0.738	0.738	0.738	0.738	0.738	0.738	0.738	0.738	0.738	0.738	0.738
//Fraction	that	attend	colposcopy																																																																																																																																				
0	0	0	0	0	0	0	0	0	0	0	0	0	0	0	0.333	0.333	0.333	0.333	0.333	0.333	0.333	0.333	0.283	0.282	0.29	0.301	0.348	0.409	0.451	0.496	0.537	0.544	0.544	0.544	0.544	0.544	0.544	0.544	0.544	0.544	0.544	0.544	0.544	0.544	0.544	0.544	0.544	0.544	0.544	0.544	0.544	0.544	0.544	0.544	0.544	0.544	0.544	0.544	0.544	0.544	0.544	0.544	0.544	0.544	0.544	0.544	0.544	0.544	0.544	0.544	0.544	0.544	0.544	0.544	0.544	0.544	0.544	0.544	0.544	0.544	0.544	0.544	0.544	0.544	0.544	0.544	0.544	0.544	0.544	0.544	0.544	0.544	0.544	0.544	0.544	0.544	0.544	0.544	0.544	0.544	0.544	0.544	0.544	0.544	0.544	0.544	0.544	0.544	0.544	0.544	0.544	0.544	0.544	0.544	0.544	0.544	0.544	0.544	0.544	0.544	0.544	0.544	0.544	0.544	0.544	0.544	0.544	0.544	0.544	0.544	0.544	0.544	0.544	0.544	0.544
0	0	0	0	0	0	0	0	0	0	0	0	0	0	0	0.24	0.24	0.24	0.24	0.24	0.24	0.24	0.24	0.189	0.208	0.217	0.204	0.251	0.286	0.306	0.342	0.4	0.384	0.384	0.384	0.384	0.384	0.384	0.384	0.384	0.384	0.384	0.384	0.384	0.384	0.384	0.384	0.384	0.384	0.384	0.384	0.384	0.384	0.384	0.384	0.384	0.384	0.384	0.384	0.384	0.384	0.384	0.384	0.384	0.384	0.384	0.384	0.384	0.384	0.384	0.384	0.384	0.384	0.384	0.384	0.384	0.384	0.384	0.384	0.384	0.384	0.384	0.384	0.384	0.384	0.384	0.384	0.384	0.384	0.384	0.384	0.384	0.384	0.384	0.384	0.384	0.384	0.384	0.384	0.384	0.384	0.384	0.384	0.384	0.384	0.384	0.384	0.384	0.384	0.384	0.384	0.384	0.384	0.384	0.384	0.384	0.384	0.384	0.384	0.384	0.384	0.384	0.384	0.384	0.384	0.384	0.384	0.384	0.384	0.384	0.384	0.384	0.384	0.384	0.384	0.384
0	0	0	0	0	0	0	0	0	0	0	0	0	0	0	0.416	0.416	0.416	0.416	0.416	0.416	0.416	0.416	0.248	0.277	0.259	0.241	0.282	0.31	0.314	0.349	0.42	0.442	0.442	0.442	0.442	0.442	0.442	0.442	0.442	0.442	0.442	0.442	0.442	0.442	0.442	0.442	0.442	0.442	0.442	0.442	0.442	0.442	0.442	0.442	0.442	0.442	0.442	0.442	0.442	0.442	0.442	0.442	0.442	0.442	0.442	0.442	0.442	0.442	0.442	0.442	0.442	0.442	0.442	0.442	0.442	0.442	0.442	0.442	0.442	0.442	0.442	0.442	0.442	0.442	0.442	0.442	0.442	0.442	0.442	0.442	0.442	0.442	0.442	0.442	0.442	0.442	0.442	0.442	0.442	0.442	0.442	0.442	0.442	0.442	0.442	0.442	0.442	0.442	0.442	0.442	0.442	0.442	0.442	0.442	0.442	0.442	0.442	0.442	0.442	0.442	0.442	0.442	0.442	0.442	0.442	0.442	0.442	0.442	0.442	0.442	0.442	0.442	0.442	0.442	0.442
//Adequacy	of	Pap	over	time																																																																																																																																			
0	0	0	0	0	0	0	0	0	0	0	0	0	0	0	0.9	0.9	0.9	0.9	0.9	0.9	0.9	0.9	0.85	0.826	0.781	0.592	0.55	0.544	0.552	0.542	0.567	0.586	0.632	0.661	0.674	0.67	0.67	0.67	0.67	0.67	0.67	0.67	0.67	0.67	0.67	0.67	0.67	0.67	0.67	0.67	0.67	0.67	0.67	0.67	0.67	0.67	0.67	0.67	0.67	0.67	0.67	0.67	0.67	0.67	0.67	0.67	0.67	0.67	0.67	0.67	0.67	0.67	0.67	0.67	0.67	0.67	0.67	0.67	0.67	0.67	0.67	0.67	0.67	0.67	0.67	0.67	0.67	0.67	0.67	0.67	0.67	0.67	0.67	0.67	0.67	0.67	0.67	0.67	0.67	0.67	0.67	0.67	0.67	0.67	0.67	0.67	0.67	0.67	0.67	0.67	0.67	0.67	0.67	0.67	0.67	0.67	0.67	0.67	0.67	0.67	0.67	0.67	0.67	0.67	0.67	0.67	0.67	0.67	0.67	0.67	0.67	0.67	0.67	0.67	0.67
//Proportion	vaccinated																																																																																																																																						
0	0	0	0	0	0	0	0	0	0	0	0	0	0	0	0	0	0	0	0	0.859	0.846	0.83	0.739	0.791	0.826	0.77	0.793	0.793	0.793	0.793	0.793	0.793	0.793	0.793	0.793	0.793	0.793	0.793	0.793	0.793	0.793	0.793	0.793	0.793	0.793	0.793	0.793	0.793	0.793	0.793	0.793	0.793	0.793	0.793	0.793	0.793	0.793	0.793	0.793	0.793	0.793	0.793	0.793	0.793	0.793	0.793	0.793	0.793	0.793	0.793	0.793	0.793	0.793	0.793	0.793	0.793	0.793	0.793	0.793	0.793	0.793	0.793	0.793	0.793	0.793	0.793	0.793	0.793	0.793	0.793	0.793	0.793	0.793	0.793	0.793	0.793	0.793	0.793	0.793	0.793	0.793	0.793	0.793	0.793	0.793	0.793	0.793	0.793	0.793	0.793	0.793	0.793	0.793	0.793	0.793	0.793	0.793	0.793	0.793	0.793	0.793	0.793	0.793	0.793	0.793	0.793	0.793	0.793	0.793	0.793	0.793	0.793	0.793	0.793	0.793
//WHO screening																																																																																																																																							
0	0	0	0	0	0	0	0	0	0	0	0	0	0	0	0	0	0	0	0	0	0	0	0	0	0	0	0	0	0	0	0	0	0	0	0	0	0	0	0	0	0	0	0	0	0	0	0	0	0	0	0	0	0	0	0	0	0	0	0	0	0	0	0	0	0	0	0	0	0	0	0	0	0	0	0	0	0	0	0	0	0	0	0	0	0	0	0	0	0	0	0	0	0	0	0	0	0	0	0	0	0	0	0	0	0	0	0	0	0	0	0	0	0	0	0	0	0	0	0	0	0	0	0	0	0	0	0	0	0	0	0	0	0	0	0
0	0	0	0	0	0	0	0	0	0	0	0	0	0	0	0	0	0	0	0	0	0	0	0	0	0	0	0	0	0	0	0	0	0	0	0	0	0	0	0	0	0	0	0	0	0	0	0	0	0	0	0	0	0	0	0	0	0	0	0	0	0	0	0	0	0	0	0	0	0	0	0	0	0	0	0	0	0	0	0	0	0	0	0	0	0	0	0	0	0	0	0	0	0	0	0	0	0	0	0	0	0	0	0	0	0	0	0	0	0	0	0	0	0	0	0	0	0	0	0	0	0	0	0	0	0	0	0	0	0	0	0	0	0	0	0
0	0	0	0	0	0	0	0	0	0	0	0	0	0	0	0	0	0	0	0	0	0	0	0	0	0	0	0	0	0	0	0	0	0	0	0	0	0	0	0	0	0	0	0	0	0	0	0	0	0	0	0	0	0	0	0	0	0	0	0	0	0	0	0	0	0	0	0	0	0	0	0	0	0	0	0	0	0	0	0	0	0	0	0	0	0	0	0	0	0	0	0	0	0	0	0	0	0	0	0	0	0	0	0	0	0	0	0	0	0	0	0	0	0	0	0	0	0	0	0	0	0	0	0	0	0	0	0	0	0	0	0	0	0	0	0
0	0	0	0	0	0	0	0	0	0	0	0	0	0	0	0	0	0	0	0	0	0	0	0	0	0	0	0	0	0	0	0	0	0	0	0	0	0	0	0	0	0	0	0	0	0	0	0	0	0	0	0	0	0	0	0	0	0	0	0	0	0	0	0	0	0	0	0	0	0	0	0	0	0	0	0	0	0	0	0	0	0	0	0	0	0	0	0	0	0	0	0	0	0	0	0	0	0	0	0	0	0	0	0	0	0	0	0	0	0	0	0	0	0	0	0	0	0	0	0	0	0	0	0	0	0	0	0	0	0	0	0	0	0	0	0
0	0	0	0	0	0	0	0	0	0	0	0	0	0	0	0	0	0	0	0	0	0	0	0	0	0	0	0	0	0	0	0	0	0	0	0	0	0	0	0	0	0	0	0	0	0	0	0	0	0	0	0	0	0	0	0	0	0	0	0	0	0	0	0	0	0	0	0	0	0	0	0	0	0	0	0	0	0	0	0	0	0	0	0	0	0	0	0	0	0	0	0	0	0	0	0	0	0	0	0	0	0	0	0	0	0	0	0	0	0	0	0	0	0	0	0	0	0	0	0	0	0	0	0	0	0	0	0	0	0	0	0	0	0	0	0
0	0	0	0	0	0	0	0	0	0	0	0	0	0	0	0	0	0	0	0	0	0	0	0	0	0	0	0	0	0	0	0	0	0	0	0	0	0	0	0	0	0	0	0	0	0	0	0	0	0	0	0	0	0	0	0	0	0	0	0	0	0	0	0	0	0	0	0	0	0	0	0	0	0	0	0	0	0	0	0	0	0	0	0	0	0	0	0	0	0	0	0	0	0	0	0	0	0	0	0	0	0	0	0	0	0	0	0	0	0	0	0	0	0	0	0	0	0	0	0	0	0	0	0	0	0	0	0	0	0	0	0	0	0	0	0
0	0	0	0	0	0	0	0	0	0	0	0	0	0	0	0	0	0	0	0	0	0	0	0	0	0	0	0	0	0	0	0	0	0	0	0	0	0	0	0	0	0	0	0	0	0	0	0	0	0	0	0	0	0	0	0	0	0	0	0	0	0	0	0	0	0	0	0	0	0	0	0	0	0	0	0	0	0	0	0	0	0	0	0	0	0	0	0	0	0	0	0	0	0	0	0	0	0	0	0	0	0	0	0	0	0	0	0	0	0	0	0	0	0	0	0	0	0	0	0	0	0	0	0	0	0	0	0	0	0	0	0	0	0	0	0
0	0	0	0	0	0	0	0	0	0	0	0	0	0	0	0	0	0	0	0	0	0	0	0	0	0	0	0	0	0	0	0	0	0	0	0	0	0	0	0	0	0	0	0	0	0	0	0	0	0	0	0	0	0	0	0	0	0	0	0	0	0	0	0	0	0	0	0	0	0	0	0	0	0	0	0	0	0	0	0	0	0	0	0	0	0	0	0	0	0	0	0	0	0	0	0	0	0	0	0	0	0	0	0	0	0	0	0	0	0	0	0	0	0	0	0	0	0	0	0	0	0	0	0	0	0	0	0	0	0	0	0	0	0	0	0
//Five yearly campaign starting in 2030 (was 2025)
0	0	0	0	0	0	0	0	0	0	0	0	0	0	0	0	0	0	0	0	0	0	0	0	0	0	0	0	0	0	0	0	0	0	0	0	0	0	0	0	0	0	0	0	0	1	0	0	0	0	1	0	0	0	0	1	0	0	0	0	1	0	0	0	0	1	0	0	0	0	1	0	0	0	0	1	0	0	0	0	1	0	0	0	0	1	0	0	0	0	1	0	0	0	0	0	0	0	0	0	0	0	0	0	0	0	0	0	0	0	0	0	0	0	0	0	0	0	0	0	0	0	0	0	0	0	0	0	0	0	0	0	0	0	0	0
//Thermal Ablation scale up rate: 
0	0	0	0	0	0	0	0	0	0	0	0	0	0	0	0	0	0	0	0	0	0	0	0	0	0	0	0	0	0	0	0	0	0	0	0	0	0	0	0	0	0	0.25	0.5	0.75	1	1	1	1	1	1	1	1	1	1	1	1	1	1	1	1	1	1	1	1	1	1	1	1	1	1	1	1	1	1	1	1	1	1	1	1	1	1	1	1	1	1	1	1	1	1	1	1	1	1	1	1	1	1	1	1	1	1	1	1	1	1	1	1	1	1	1	1	1	1	1	1	1	1	1	1	1	1	1	1	1	1	1	1	1	1	1	1	1	1 	1 