4431	4582	4604	4780	4922	5056	4999	5161	5152	5089	4960	4886	4617	4441	4264	4193	4139	4116	4072	4052	3995	3947	3962	3954	3916	3912	3933	3944	3928	3947	3953	3931	3994	4019	4061	4095	4128	4092	4065	4063	4053	4033	3993	4003	3906	3831	3813	3808	3768	3860	3931	3934	3893	3845	3795	3720	3689	3746	3827	3878	3910	3930	3918	3913	3859	3892	3874	3876	3887	3845	3800	3808	3782	3693	3662	3705	3696	3707	3792	3838	3827	3841	3861	3862	3876	3858	3893	3845	3839	3782	3778	3719	3692	3662	3737	3811	0	0	0	0	0	0	0	0	0	0	0	0	0	0	0	0	0	0	0	0	0	0	0	0	0	0	0	0	0	0	0	0	0	0	0	0	0	0	0	0	
3944	4003	4152	4221	4326	4382	4532	4546	4729	4865	4996	4949	5106	5100	5046	4919	4839	4575	4408	4233	4165	4108	4082	4038	4028	3967	3934	3937	3925	3878	3878	3906	3919	3910	3921	3929	3909	3978	3984	4024	4064	4107	4070	4044	4045	4037	4009	3976	3992	3894	3816	3799	3788	3745	3841	3912	3915	3878	3834	3781	3698	3667	3725	3814	3866	3890	3914	3904	3900	3848	3878	3859	3851	3870	3828	3780	3795	3764	3677	3646	3692	3672	3688	3778	3822	3811	3825	3851	3847	3861	3845	3883	3826	3826	3768	3754	0	0	0	0	0	0	0	0	0	0	0	0	0	0	0	0	0	0	0	0	0	0	0	0	0	0	0	0	0	0	0	0	0	0	0	0	0	0	0	0	
3591	3709	3750	3798	3839	3931	3994	4143	4209	4311	4368	4517	4532	4713	4846	4980	4931	5084	5075	5031	4894	4812	4550	4382	4209	4142	4083	4069	4025	4015	3956	3928	3925	3912	3869	3867	3894	3906	3898	3910	3917	3902	3960	3966	4011	4054	4098	4056	4031	4031	4029	4003	3966	3977	3884	3802	3781	3775	3736	3832	3905	3906	3872	3828	3776	3693	3663	3715	3807	3860	3880	3905	3895	3892	3843	3871	3847	3837	3856	3817	3772	3788	3755	3665	3631	3680	3663	3674	3766	3809	3800	3817	3843	3839	3855	3837	0	0	0	0	0	0	0	0	0	0	0	0	0	0	0	0	0	0	0	0	0	0	0	0	0	0	0	0	0	0	0	0	0	0	0	0	0	0	0	0	
3013	3105	3201	3316	3435	3554	3661	3710	3744	3759	3836	3848	3955	3988	4035	4089	4199	4216	4399	4516	4613	4534	4701	4701	4666	4535	4442	4226	4084	3942	3867	3824	3812	3793	3817	3786	3771	3761	3748	3722	3725	3744	3749	3752	3764	3772	3769	3819	3812	3880	3922	3964	3936	3903	3905	3909	3887	3849	3865	3755	3679	3676	3665	3602	3706	3788	3799	3770	3728	3679	3593	3560	3610	3711	3763	3763	3778	3767	3763	3734	3761	3738	3748	3762	3706	3663	3681	3662	3572	3532	3570	3550	3552	3645	3706	3700	0	0	0	0	0	0	0	0	0	0	0	0	0	0	0	0	0	0	0	0	0	0	0	0	0	0	0	0	0	0	0	0	0	0	0	0	0	0	0	0	
2905	2898	2963	2990	3006	2975	3053	3143	3242	3297	3351	3377	3331	3256	3216	3166	3155	3194	3202	3249	3284	3380	3338	3482	3566	3630	3618	3756	3778	3798	3729	3665	3490	3391	3313	3325	3319	3355	3343	3389	3379	3399	3408	3400	3388	3411	3427	3426	3436	3428	3435	3430	3506	3512	3558	3589	3616	3578	3541	3567	3555	3531	3507	3514	3439	3367	3371	3379	3344	3443	3527	3544	3511	3455	3407	3338	3305	3333	3400	3429	3439	3477	3464	3478	3451	3457	3437	3427	3456	3408	3337	3373	3346	3257	3223	3253	0	0	0	0	0	0	0	0	0	0	0	0	0	0	0	0	0	0	0	0	0	0	0	0	0	0	0	0	0	0	0	0	0	0	0	0	0	0	0	0	
2565	2660	2728	2779	2835	2849	2837	2887	2904	2894	2850	2868	2881	2881	2837	2838	2803	2710	2635	2586	2545	2539	2590	2586	2630	2665	2739	2745	2871	2926	3028	3038	3185	3246	3244	3192	3217	3121	3079	3031	3029	3021	3067	3091	3127	3110	3131	3157	3170	3151	3146	3166	3179	3183	3178	3197	3197	3271	3277	3314	3332	3354	3314	3284	3292	3298	3267	3254	3287	3202	3153	3173	3172	3117	3213	3280	3275	3257	3216	3177	3104	3084	3121	3159	3176	3189	3229	3212	3211	3184	3198	3166	3157	3191	3172	3092	0	0	0	0	0	0	0	0	0	0	0	0	0	0	0	0	0	0	0	0	0	0	0	0	0	0	0	0	0	0	0	0	0	0	0	0	0	0	0	0	
2052	2153	2241	2358	2447	2520	2607	2668	2709	2746	2754	2711	2712	2691	2628	2526	2494	2456	2441	2394	2404	2351	2272	2220	2186	2167	2177	2227	2231	2289	2345	2424	2448	2577	2659	2771	2810	2943	3009	3023	3003	3030	2936	2897	2861	2862	2854	2903	2924	2961	2957	2951	2967	2986	2988	2999	3005	3005	3012	2994	3012	3021	3103	3105	3146	3160	3172	3132	3120	3147	3145	3115	3107	3131	3039	2996	3019	3001	2943	3036	3115	3092	3081	3059	3030	2965	2939	2944	2977	2997	3012	3048	3041	3026	2999	3031	0	0	0	0	0	0	0	0	0	0	0	0	0	0	0	0	0	0	0	0	0	0	0	0	0	0	0	0	0	0	0	0	0	0	0	0	0	0	0	0	
1567	1609	1681	1750	1900	2010	2105	2173	2284	2357	2442	2517	2541	2547	2529	2496	2429	2409	2343	2275	2171	2160	2111	2105	2073	2063	2056	1994	1970	1962	1964	1972	2053	2046	2135	2192	2277	2308	2448	2527	2647	2693	2832	2888	2889	2870	2895	2801	2761	2731	2741	2734	2780	2789	2819	2806	2811	2837	2857	2853	2865	2866	2872	2879	2851	2878	2891	2978	2973	3005	3011	3022	3007	2992	3007	3014	2969	2958	2977	2895	2862	2889	2866	2828	2908	2980	2964	2970	2944	2911	2836	2803	2812	2855	2877	2886	0	0	0	0	0	0	0	0	0	0	0	0	0	0	0	0	0	0	0	0	0	0	0	0	0	0	0	0	0	0	0	0	0	0	0	0	0	0	0	0	
1335	1360	1416	1451	1482	1532	1580	1650	1712	1852	1962	2044	2102	2185	2236	2280	2310	2323	2330	2295	2236	2149	2115	2046	2003	1916	1912	1892	1870	1860	1869	1875	1835	1838	1835	1836	1857	1942	1948	2038	2088	2165	2197	2345	2433	2549	2602	2734	2785	2778	2748	2773	2707	2668	2622	2627	2630	2662	2674	2716	2700	2700	2714	2736	2742	2747	2759	2751	2772	2752	2768	2775	2837	2832	2867	2882	2895	2865	2852	2879	2881	2844	2833	2853	2780	2741	2764	2757	2709	2789	2862	2861	2855	2829	2792	2725	0	0	0	0	0	0	0	0	0	0	0	0	0	0	0	0	0	0	0	0	0	0	0	0	0	0	0	0	0	0	0	0	0	0	0	0	0	0	0	0	
1214	1278	1261	1280	1287	1287	1315	1381	1414	1435	1475	1518	1584	1630	1753	1856	1905	1950	2018	2057	2077	2094	2083	2063	2029	1959	1896	1889	1850	1827	1770	1757	1737	1728	1746	1770	1788	1742	1753	1754	1765	1780	1862	1874	1965	1997	2071	2117	2263	2351	2463	2508	2626	2668	2677	2656	2667	2587	2566	2512	2517	2521	2559	2566	2594	2581	2585	2605	2628	2630	2633	2639	2629	2640	2627	2648	2660	2727	2717	2733	2742	2767	2747	2734	2755	2749	2720	2706	2738	2674	2636	2651	2631	2589	2666	2743	0	0	0	0	0	0	0	0	0	0	0	0	0	0	0	0	0	0	0	0	0	0	0	0	0	0	0	0	0	0	0	0	0	0	0	0	0	0	0	0	
1040	1037	1070	1099	1126	1182	1244	1225	1244	1254	1252	1271	1323	1346	1367	1405	1448	1487	1515	1636	1715	1752	1784	1837	1858	1874	1888	1896	1874	1839	1788	1738	1754	1719	1692	1653	1655	1632	1637	1643	1678	1703	1668	1682	1677	1693	1710	1786	1793	1877	1922	1993	2040	2172	2249	2367	2414	2526	2547	2559	2540	2559	2474	2448	2403	2403	2418	2448	2454	2490	2472	2470	2490	2505	2517	2518	2519	2506	2529	2514	2542	2546	2589	2587	2608	2611	2637	2606	2598	2623	2617	2596	2591	2612	2528	2495	0	0	0	0	0	0	0	0	0	0	0	0	0	0	0	0	0	0	0	0	0	0	0	0	0	0	0	0	0	0	0	0	0	0	0	0	0	0	0	0	
896	924	957	999	1020	1037	1035	1067	1095	1122	1177	1238	1223	1239	1245	1238	1223	1250	1259	1255	1287	1324	1358	1388	1480	1542	1574	1607	1664	1680	1709	1732	1716	1711	1680	1653	1609	1640	1614	1586	1539	1535	1523	1545	1565	1607	1627	1587	1602	1596	1605	1633	1705	1703	1792	1826	1890	1943	2065	2130	2244	2279	2392	2411	2420	2384	2391	2322	2314	2278	2290	2289	2328	2330	2348	2336	2349	2361	2378	2394	2386	2362	2369	2388	2378	2397	2408	2455	2447	2466	2481	2492	2466	2472	2486	2475	0	0	0	0	0	0	0	0	0	0	0	0	0	0	0	0	0	0	0	0	0	0	0	0	0	0	0	0	0	0	0	0	0	0	0	0	0	0	0	0	
699	724	750	799	845	861	888	915	961	986	1005	997	1008	1045	1074	1126	1178	1146	1146	1147	1109	1109	1131	1129	1134	1167	1180	1200	1245	1340	1403	1418	1441	1487	1534	1561	1586	1584	1573	1542	1525	1504	1516	1486	1471	1420	1420	1412	1428	1454	1496	1506	1470	1490	1492	1504	1529	1578	1583	1663	1691	1752	1818	1930	2004	2099	2122	2211	2240	2255	2236	2257	2193	2170	2132	2117	2126	2163	2167	2185	2178	2190	2190	2196	2208	2202	2189	2212	2225	2224	2238	2258	2302	2278	2310	2311	0	0	0	0	0	0	0	0	0	0	0	0	0	0	0	0	0	0	0	0	0	0	0	0	0	0	0	0	0	0	0	0	0	0	0	0	0	0	0	0	
680	691	698	670	661	656	677	705	749	793	807	830	867	901	921	929	909	918	929	933	993	1032	1009	1001	989	975	976	997	993	1002	1028	1045	1086	1117	1191	1247	1259	1285	1344	1394	1426	1433	1439	1431	1414	1395	1360	1371	1346	1322	1281	1276	1277	1306	1308	1336	1357	1327	1341	1347	1358	1371	1401	1408	1492	1529	1590	1659	1755	1810	1900	1921	1997	2035	2037	2030	2062	1981	1952	1917	1914	1936	1970	1972	1988	1983	1984	1977	1980	1983	1985	1959	1994	2015	2019	2057	0	0	0	0	0	0	0	0	0	0	0	0	0	0	0	0	0	0	0	0	0	0	0	0	0	0	0	0	0	0	0	0	0	0	0	0	0	0	0	0	
442	497	524	557	569	612	633	635	609	598	594	614	643	692	743	740	756	780	791	799	786	755	780	801	805	844	876	843	833	831	819	825	832	825	838	889	918	931	950	1014	1070	1086	1133	1175	1215	1242	1241	1249	1243	1209	1202	1189	1190	1168	1150	1116	1120	1108	1125	1122	1163	1196	1150	1160	1155	1148	1178	1212	1221	1290	1315	1363	1426	1510	1572	1645	1643	1719	1751	1764	1751	1767	1699	1686	1661	1662	1676	1712	1693	1710	1703	1718	1680	1696	1699	1694	0	0	0	0	0	0	0	0	0	0	0	0	0	0	0	0	0	0	0	0	0	0	0	0	0	0	0	0	0	0	0	0	0	0	0	0	0	0	0	0	
140	176	226	271	333	356	385	390	414	432	469	484	484	457	433	452	491	516	540	580	577	593	609	625	633	614	602	631	650	633	659	689	669	663	656	634	630	639	640	661	694	706	731	757	800	862	865	881	905	967	971	962	988	980	973	979	938	959	949	932	872	871	871	887	898	945	953	913	924	928	924	933	962	966	1022	1034	1087	1139	1213	1262	1324	1305	1361	1389	1413	1410	1400	1334	1336	1299	1287	1314	1348	1352	1359	1349	0	0	0	0	0	0	0	0	0	0	0	0	0	0	0	0	0	0	0	0	0	0	0	0	0	0	0	0	0	0	0	0	0	0	0	0	0	0	0	0	
21	29	38	64	76	100	124	169	195	229	239	260	265	287	301	333	337	329	317	298	323	337	358	367	407	420	429	433	445	448	444	411	430	438	428	454	491	475	469	462	440	435	445	444	454	470	481	493	513	547	591	603	614	633	666	665	675	683	680	649	675	658	667	655	626	591	601	610	633	644	669	670	635	637	622	617	641	665	675	705	723	774	784	834	874	904	921	967	990	1000	1010	988	925	934	907	893	0	0	0	0	0	0	0	0	0	0	0	0	0	0	0	0	0	0	0	0	0	0	0	0	0	0	0	0	0	0	0	0	0	0	0	0	0	0	0	0	
0	0	1	3	8	17	21	22	37	46	65	68	106	139	167	168	186	207	217	242	256	268	277	284	272	290	308	318	331	350	369	392	399	388	401	391	379	393	409	416	437	447	454	443	433	419	429	430	455	452	448	463	455	463	492	519	544	548	563	614	622	628	625	637	629	641	627	649	635	613	601	595	603	634	637	641	631	619	641	638	643	658	684	663	682	681	704	734	772	822	823	817	864	873	901	920	0	0	0	0	0	0	0	0	0	0	0	0	0	0	0	0	0	0	0	0	0	0	0	0	0	0	0	0	0	0	0	0	0	0	0	0	0	0	0	0	
0	0	0	0	0	0	0	0	0	0	0	0	0	0	0	0	3	4	7	8	15	37	66	99	153	201	223	239	249	242	238	250	259	273	265	251	250	238	221	217	235	230	226	218	203	192	192	178	176	169	154	146	157	157	155	147	143	150	132	126	144	150	131	144	151	140	143	151	141	140	137	138	128	129	115	120	114	124	138	148	149	152	141	128	117	122	116	110	113	114	108	110	133	138	138	145	0	0	0	0	0	0	0	0	0	0	0	0	0	0	0	0	0	0	0	0	0	0	0	0	0	0	0	0	0	0	0	0	0	0	0	0	0	0	0	0	
0	0	0	0	0	0	0	0	0	0	0	0	0	0	0	0	0	0	0	0	0	2	2	5	6	13	29	52	86	131	170	188	190	196	198	198	219	234	244	232	211	210	200	189	186	204	190	188	183	175	164	165	154	155	148	136	123	134	136	138	125	124	130	111	108	122	127	116	121	130	123	123	131	125	127	121	117	108	104	94	94	87	104	115	126	123	125	122	114	103	108	102	92	93	94	90	0	0	0	0	0	0	0	0	0	0	0	0	0	0	0	0	0	0	0	0	0	0	0	0	0	0	0	0	0	0	0	0	0	0	0	0	0	0	0	0	
0	0	0	0	0	0	0	0	0	0	0	0	0	0	0	0	0	0	0	0	0	0	0	0	1	0	2	2	4	5	10	27	49	76	109	143	158	159	166	174	167	186	196	199	196	178	175	169	164	165	184	167	165	153	152	142	147	138	132	127	118	103	116	120	119	109	107	114	95	87	102	104	93	97	102	102	103	115	109	114	110	106	94	92	78	80	78	89	101	111	113	109	110	104	90	98	0	0	0	0	0	0	0	0	0	0	0	0	0	0	0	0	0	0	0	0	0	0	0	0	0	0	0	0	0	0	0	0	0	0	0	0	0	0	0	0	
0	0	0	0	0	0	0	0	0	0	0	0	0	0	0	0	0	1	0	2	1	10	10	12	10	28	27	45	46	49	65	52	72	73	70	60	68	88	112	129	152	165	171	195	190	202	204	205	218	201	188	189	164	163	166	192	178	174	172	159	157	154	146	157	152	133	109	132	138	131	115	127	127	97	93	112	116	98	113	122	120	120	124	107	126	128	111	96	102	100	107	95	101	118	128	114	0	0	0	0	0	0	0	0	0	0	0	0	0	0	0	0	0	0	0	0	0	0	0	0	0	0	0	0	0	0	0	0	0	0	0	0	0	0	0	0	
0	0	0	0	0	0	0	0	0	0	0	0	0	0	0	0	2	2	6	3	13	23	48	68	97	134	219	286	339	348	351	365	414	423	406	423	409	357	357	327	302	281	306	309	311	345	380	392	358	383	360	379	404	393	402	376	355	374	359	349	359	348	369	379	364	354	326	293	298	300	266	246	247	257	264	252	266	286	281	281	311	296	288	286	268	263	279	291	273	283	301	299	268	268	265	261	0	0	0	0	0	0	0	0	0	0	0	0	0	0	0	0	0	0	0	0	0	0	0	0	0	0	0	0	0	0	0	0	0	0	0	0	0	0	0	0	
0	0	0	0	0	0	0	0	0	0	0	0	0	0	0	0	2	2	6	13	20	45	75	104	151	217	350	447	531	660	689	762	824	883	892	894	870	820	742	687	671	645	600	567	529	525	494	464	462	458	487	526	534	526	517	545	538	538	548	540	546	550	532	528	514	516	561	550	519	498	465	440	434	442	447	426	418	409	442	424	415	401	425	435	482	491	472	452	453	434	468	481	481	469	452	458	0	0	0	0	0	0	0	0	0	0	0	0	0	0	0	0	0	0	0	0	0	0	0	0	0	0	0	0	0	0	0	0	0	0	0	0	0	0	0	0	
0	0	0	0	0	0	0	0	0	0	0	0	0	0	0	0	0	0	1	5	15	25	53	104	140	227	349	430	533	603	654	762	835	927	1015	1060	1061	1096	1087	1102	1063	1001	937	835	762	746	759	701	671	624	599	577	550	562	566	598	628	635	612	624	597	613	617	619	604	615	624	620	650	607	623	629	630	584	582	550	509	509	526	506	522	527	531	511	516	497	508	521	543	565	571	576	577	573	535	548	0	0	0	0	0	0	0	0	0	0	0	0	0	0	0	0	0	0	0	0	0	0	0	0	0	0	0	0	0	0	0	0	0	0	0	0	0	0	0	0	
0	0	0	0	0	0	0	0	0	0	0	0	0	0	0	0	0	0	0	2	10	20	32	64	100	166	273	370	444	495	568	636	709	798	843	862	968	959	1005	1070	1134	1094	1127	1123	1109	1087	1039	976	901	833	805	773	739	711	671	639	612	627	629	604	635	647	656	662	681	683	678	662	660	661	668	701	689	684	683	692	703	662	643	626	602	555	554	560	572	567	587	583	555	560	531	548	561	592	610	577	0	0	0	0	0	0	0	0	0	0	0	0	0	0	0	0	0	0	0	0	0	0	0	0	0	0	0	0	0	0	0	0	0	0	0	0	0	0	0	0	
0	0	0	0	0	0	0	0	0	0	0	0	0	0	0	0	2	2	1	3	3	7	22	47	80	119	190	252	319	371	414	485	546	599	643	682	731	770	818	872	881	959	985	1019	1058	1126	1087	1123	1132	1110	1071	1012	942	882	814	798	779	771	734	694	653	626	660	645	627	646	669	661	643	682	668	643	673	681	689	701	708	693	695	685	703	710	691	673	628	605	575	587	586	564	596	588	588	574	562	561	0	0	0	0	0	0	0	0	0	0	0	0	0	0	0	0	0	0	0	0	0	0	0	0	0	0	0	0	0	0	0	0	0	0	0	0	0	0	0	0	
0	0	0	0	0	0	0	0	0	0	0	0	0	0	0	0	0	0	1	1	4	12	20	28	44	79	130	184	248	294	308	333	410	431	501	507	551	581	601	619	688	727	753	788	827	860	933	939	990	1041	1048	1037	1053	1055	1061	983	952	892	839	797	778	770	698	686	677	666	632	668	645	629	634	654	646	641	684	672	637	650	667	674	675	714	689	688	666	708	675	692	659	612	599	571	550	552	569	558	0	0	0	0	0	0	0	0	0	0	0	0	0	0	0	0	0	0	0	0	0	0	0	0	0	0	0	0	0	0	0	0	0	0	0	0	0	0	0	0	
0	0	0	0	0	0	0	0	0	0	0	0	0	0	0	0	0	0	0	0	0	6	10	15	31	48	86	127	158	203	240	282	313	347	382	374	398	457	471	500	510	530	563	565	585	628	659	695	732	739	783	834	845	894	944	976	961	1007	960	973	915	878	802	782	737	746	721	680	658	652	631	596	626	626	610	624	655	640	646	650	625	617	628	654	681	682	686	673	658	660	667	667	638	607	593	563	0	0	0	0	0	0	0	0	0	0	0	0	0	0	0	0	0	0	0	0	0	0	0	0	0	0	0	0	0	0	0	0	0	0	0	0	0	0	0	0	
0	0	0	0	0	0	0	0	0	0	0	0	0	0	0	0	0	0	0	0	0	0	2	6	9	16	42	73	100	133	153	180	221	253	286	307	323	323	371	365	345	358	427	458	463	465	493	500	532	533	592	595	616	622	675	720	774	760	808	863	866	869	896	870	898	871	805	742	730	670	671	659	627	603	602	587	569	585	569	567	582	625	619	591	587	570	591	603	612	607	610	621	632	634	623	617	0	0	0	0	0	0	0	0	0	0	0	0	0	0	0	0	0	0	0	0	0	0	0	0	0	0	0	0	0	0	0	0	0	0	0	0	0	0	0	0	
0	0	0	0	0	0	0	0	0	0	0	0	0	0	0	0	0	0	0	1	1	1	1	2	2	6	20	27	39	60	68	84	112	131	154	160	195	233	248	276	307	309	302	312	338	332	352	406	389	411	414	437	454	467	456	492	515	536	553	591	608	656	651	726	763	753	789	783	777	785	770	711	681	644	603	598	588	553	548	524	551	550	549	525	516	536	554	555	549	551	524	527	528	539	548	542	0	0	0	0	0	0	0	0	0	0	0	0	0	0	0	0	0	0	0	0	0	0	0	0	0	0	0	0	0	0	0	0	0	0	0	0	0	0	0	0	
0	0	0	0	0	0	0	0	0	0	0	0	0	0	0	0	0	0	0	0	0	0	0	1	3	2	8	13	22	22	32	42	55	69	75	84	97	115	123	151	157	191	213	233	248	273	276	270	268	275	270	294	349	352	340	338	359	385	405	400	420	422	456	496	514	527	573	587	605	634	647	630	662	654	643	638	606	587	560	526	508	509	509	486	488	467	450	462	456	447	457	494	494	484	479	462	0	0	0	0	0	0	0	0	0	0	0	0	0	0	0	0	0	0	0	0	0	0	0	0	0	0	0	0	0	0	0	0	0	0	0	0	0	0	0	0	
0	0	0	0	0	0	0	0	0	0	0	0	0	0	0	0	0	0	0	0	0	0	0	1	2	2	4	4	4	5	6	13	22	23	30	42	49	51	60	81	75	81	106	116	135	151	171	190	196	211	221	228	212	205	226	225	254	256	275	281	279	298	302	322	316	340	367	375	388	423	420	454	473	491	521	513	511	533	540	540	535	503	484	465	454	416	406	393	381	382	382	376	374	364	375	392	0	0	0	0	0	0	0	0	0	0	0	0	0	0	0	0	0	0	0	0	0	0	0	0	0	0	0	0	0	0	0	0	0	0	0	0	0	0	0	0	
0	0	0	0	0	0	0	0	0	0	0	0	0	0	0	0	0	0	0	0	0	0	0	0	1	2	2	2	5	4	4	2	4	6	6	5	10	13	21	26	37	40	46	55	59	58	65	81	84	102	102	125	125	138	163	160	151	154	152	164	153	176	192	195	204	195	210	226	231	239	249	252	279	281	296	308	337	343	364	389	406	402	407	390	386	401	369	346	339	306	307	296	284	276	269	279	0	0	0	0	0	0	0	0	0	0	0	0	0	0	0	0	0	0	0	0	0	0	0	0	0	0	0	0	0	0	0	0	0	0	0	0	0	0	0	0	
0	0	0	0	0	0	0	0	0	0	0	0	0	0	0	0	0	0	0	0	0	0	0	0	0	0	0	2	2	5	4	4	3	3	2	1	3	2	3	5	5	8	8	13	18	22	28	29	35	40	44	40	50	53	61	65	83	87	86	97	106	95	92	106	115	122	118	135	140	127	132	138	142	147	152	166	156	171	187	197	201	227	235	253	267	269	259	263	248	256	262	253	233	216	177	172	0	0	0	0	0	0	0	0	0	0	0	0	0	0	0	0	0	0	0	0	0	0	0	0	0	0	0	0	0	0	0	0	0	0	0	0	0	0	0	0	
0	0	0	0	0	0	0	0	0	0	0	0	0	0	0	0	0	0	0	0	0	0	0	0	0	0	0	0	0	0	0	2	2	3	4	4	1	2	1	2	2	3	2	4	5	4	6	5	7	6	9	13	16	21	26	28	26	32	37	44	47	56	58	68	78	70	77	77	82	95	97	96	95	90	98	97	107	111	124	126	126	133	153	154	155	158	168	170	191	178	165	162	189	197	202	191	0	0	0	0	0	0	0	0	0	0	0	0	0	0	0	0	0	0	0	0	0	0	0	0	0	0	0	0	0	0	0	0	0	0	0	0	0	0	0	0	
0	0	0	0	0	0	2	5	5	5	6	10	14	11	18	24	34	38	44	34	32	21	17	18	4	1	0	0	1	1	1	3	1	0	1	1	1	0	3	1	2	0	0	1	0	1	2	2	0	1	2	1	1	0	1	1	0	1	0	2	1	1	1	0	0	1	2	1	1	1	2	0	0	0	0	0	1	2	0	0	0	0	0	0	1	0	1	0	0	1	1	1	1	0	1	0	0	0	0	0	0	0	0	0	0	0	0	0	0	0	0	0	0	0	0	0	0	0	0	0	0	0	0	0	0	0	0	0	0	0	0	0	0	0	0	0	
0	0	0	0	0	0	0	0	0	0	0	0	0	0	0	0	0	0	0	0	0	0	1	1	0	0	0	0	0	0	0	0	0	0	0	0	0	0	0	0	0	0	0	0	0	0	0	0	0	0	0	0	0	0	0	0	0	0	0	0	0	0	0	0	0	0	0	0	0	0	0	0	0	0	0	0	0	0	0	0	0	0	0	0	0	0	0	0	0	0	0	0	0	0	0	0	0	0	0	0	0	0	0	0	0	0	0	0	0	0	0	0	0	0	0	0	0	0	0	0	0	0	0	0	0	0	0	0	0	0	0	0	0	0	0	0	
0	0	0	0	0	0	1	3	5	8	8	6	4	5	8	8	8	13	15	9	18	18	18	16	15	14	15	7	6	8	7	1	5	5	5	5	3	2	5	3	4	2	7	6	5	3	3	7	5	4	1	0	4	6	3	6	6	4	4	4	3	6	2	2	1	2	1	2	1	1	3	2	3	2	1	2	5	3	5	3	2	3	3	3	5	4	1	5	3	5	3	3	2	2	1	3	0	0	0	0	0	0	0	0	0	0	0	0	0	0	0	0	0	0	0	0	0	0	0	0	0	0	0	0	0	0	0	0	0	0	0	0	0	0	0	0	
0	0	0	0	0	14	22	14	32	59	78	132	181	207	265	264	300	287	294	312	346	372	353	349	333	311	327	269	237	207	204	205	175	152	123	115	102	107	105	97	104	110	116	98	96	86	87	108	110	94	83	84	90	94	93	78	75	85	77	96	87	79	79	82	78	78	88	68	59	63	68	57	66	71	69	82	90	101	84	61	69	76	57	80	75	68	79	73	64	64	64	69	82	72	62	72	0	0	0	0	0	0	0	0	0	0	0	0	0	0	0	0	0	0	0	0	0	0	0	0	0	0	0	0	0	0	0	0	0	0	0	0	0	0	0	0	
0	0	0	0	0	17	24	33	52	107	187	275	353	473	551	684	733	827	872	929	935	960	982	992	1012	1035	907	848	787	718	666	638	531	460	397	318	284	287	261	248	228	211	197	202	195	169	162	170	199	186	209	191	174	188	174	182	213	184	210	200	212	208	179	170	166	162	175	169	154	152	157	157	153	162	154	149	142	148	155	170	154	159	164	155	147	176	168	167	186	171	179	160	174	169	161	181	0	0	0	0	0	0	0	0	0	0	0	0	0	0	0	0	0	0	0	0	0	0	0	0	0	0	0	0	0	0	0	0	0	0	0	0	0	0	0	0	
0	0	0	0	0	24	24	34	49	75	97	155	233	335	478	583	710	822	893	924	1018	1030	1061	1053	1049	992	924	873	837	786	789	705	646	555	539	477	418	351	326	285	265	253	233	218	225	190	177	195	182	207	212	193	174	184	200	165	173	187	176	188	185	188	201	212	215	216	173	172	172	172	180	172	164	166	154	163	180	174	155	155	157	170	161	177	173	163	162	181	175	180	164	163	160	173	165	187	0	0	0	0	0	0	0	0	0	0	0	0	0	0	0	0	0	0	0	0	0	0	0	0	0	0	0	0	0	0	0	0	0	0	0	0	0	0	0	0	
0	0	0	0	0	22	31	31	38	58	84	112	163	199	256	317	403	521	602	706	745	838	881	871	834	808	715	686	620	613	596	551	524	490	440	446	404	401	390	363	313	303	263	285	252	231	198	196	187	192	171	173	205	182	172	165	155	138	158	172	185	175	176	180	190	180	193	195	159	184	184	172	160	178	167	164	165	171	156	181	153	171	160	173	142	146	138	162	169	183	174	161	148	161	177	162	0	0	0	0	0	0	0	0	0	0	0	0	0	0	0	0	0	0	0	0	0	0	0	0	0	0	0	0	0	0	0	0	0	0	0	0	0	0	0	0	
0	0	0	0	0	10	15	29	31	47	54	72	102	142	201	258	294	347	424	471	520	548	619	626	659	623	530	504	464	405	383	383	345	319	317	330	299	321	341	320	304	311	307	292	320	265	233	206	204	187	185	197	181	175	183	183	171	168	164	182	165	180	164	152	169	150	153	156	166	166	177	170	155	160	159	155	154	175	172	162	141	151	154	145	142	141	139	135	148	128	147	128	150	146	149	184	0	0	0	0	0	0	0	0	0	0	0	0	0	0	0	0	0	0	0	0	0	0	0	0	0	0	0	0	0	0	0	0	0	0	0	0	0	0	0	0	
0	0	0	0	0	8	9	11	14	17	22	31	51	75	111	141	185	216	245	307	369	417	448	468	453	439	387	364	349	351	341	292	286	249	211	244	234	251	244	231	244	229	226	243	264	237	254	258	227	252	230	205	185	184	181	174	180	146	152	151	164	166	160	170	158	154	157	159	169	158	157	164	159	161	155	156	165	166	164	171	172	168	165	167	164	139	150	120	131	151	121	139	144	128	133	130	0	0	0	0	0	0	0	0	0	0	0	0	0	0	0	0	0	0	0	0	0	0	0	0	0	0	0	0	0	0	0	0	0	0	0	0	0	0	0	0	
0	0	0	0	0	3	4	5	9	11	12	21	22	38	55	74	106	137	159	187	228	258	292	325	358	362	327	289	260	212	199	222	203	231	195	199	179	195	199	188	182	183	179	184	176	181	171	180	190	190	220	203	218	206	190	215	185	186	176	166	173	169	177	155	158	145	145	133	142	125	150	157	159	162	148	137	155	162	160	164	187	153	154	158	165	149	161	141	156	164	138	142	132	143	135	144	0	0	0	0	0	0	0	0	0	0	0	0	0	0	0	0	0	0	0	0	0	0	0	0	0	0	0	0	0	0	0	0	0	0	0	0	0	0	0	0	
0	0	0	0	0	0	0	2	1	1	3	6	12	22	23	36	36	46	69	89	115	131	159	178	202	220	225	203	205	190	210	187	153	152	137	133	139	128	135	144	129	144	139	160	145	143	149	155	159	182	172	183	178	182	193	182	184	171	198	199	205	184	194	174	166	141	163	146	142	124	134	147	138	123	125	147	145	151	135	147	147	148	159	142	128	133	134	129	145	153	164	141	153	165	148	130	0	0	0	0	0	0	0	0	0	0	0	0	0	0	0	0	0	0	0	0	0	0	0	0	0	0	0	0	0	0	0	0	0	0	0	0	0	0	0	0	
0	0	0	0	0	0	0	0	0	2	4	5	3	4	8	13	27	35	36	46	55	60	68	79	96	122	116	114	120	121	121	128	128	127	112	126	124	119	95	102	108	120	106	87	101	104	106	120	113	117	103	131	131	157	135	137	144	156	170	164	175	171	176	182	168	166	172	178	162	157	142	145	125	135	129	134	123	126	131	122	129	110	116	136	152	150	126	120	127	135	132	129	121	113	124	153	0	0	0	0	0	0	0	0	0	0	0	0	0	0	0	0	0	0	0	0	0	0	0	0	0	0	0	0	0	0	0	0	0	0	0	0	0	0	0	0	
0	0	0	0	0	0	0	0	0	0	0	1	3	3	5	7	8	8	9	13	17	27	33	43	47	55	55	55	52	50	64	68	61	59	68	79	87	72	76	75	84	86	80	80	60	63	71	67	91	81	72	80	81	99	98	98	103	121	125	127	136	144	150	128	125	158	135	169	155	143	130	152	126	131	138	128	133	127	119	136	102	80	96	110	108	105	123	129	123	123	129	115	111	120	118	125	0	0	0	0	0	0	0	0	0	0	0	0	0	0	0	0	0	0	0	0	0	0	0	0	0	0	0	0	0	0	0	0	0	0	0	0	0	0	0	0	
0	0	0	0	0	0	0	0	0	0	0	0	0	0	1	3	3	7	8	8	7	9	8	10	13	14	19	25	22	30	35	35	28	23	33	35	36	37	36	35	49	52	52	53	50	64	63	53	63	69	74	60	50	57	70	73	72	70	80	81	94	95	101	88	107	123	116	109	128	130	135	144	140	130	143	139	134	109	116	119	116	117	87	106	102	101	98	98	97	91	99	100	101	102	106	95	0	0	0	0	0	0	0	0	0	0	0	0	0	0	0	0	0	0	0	0	0	0	0	0	0	0	0	0	0	0	0	0	0	0	0	0	0	0	0	0	
0	0	0	0	0	0	0	0	0	0	0	0	0	0	0	0	1	1	1	5	8	5	6	6	3	3	3	4	10	11	13	12	9	13	14	13	14	21	22	14	25	26	18	18	28	22	31	26	40	40	46	40	44	49	41	47	37	60	56	51	53	60	66	64	61	68	53	74	82	69	81	95	86	107	100	108	120	121	103	97	100	116	91	91	63	88	91	86	85	91	77	77	85	85	78	79	0	0	0	0	0	0	0	0	0	0	0	0	0	0	0	0	0	0	0	0	0	0	0	0	0	0	0	0	0	0	0	0	0	0	0	0	0	0	0	0	
0	0	0	0	0	0	0	0	0	0	0	0	0	0	0	0	0	0	0	0	1	2	3	3	6	4	3	2	1	0	1	4	0	4	7	4	3	3	5	6	8	10	10	8	11	16	14	17	17	17	20	30	29	34	20	30	30	24	32	32	49	38	51	48	40	38	47	35	52	38	48	45	46	54	57	52	75	71	80	88	71	75	87	75	78	74	89	78	70	59	52	50	59	60	82	71	0	0	0	0	0	0	0	0	0	0	0	0	0	0	0	0	0	0	0	0	0	0	0	0	0	0	0	0	0	0	0	0	0	0	0	0	0	0	0	0	
0	0	0	0	0	0	0	0	0	0	0	0	0	0	0	0	0	0	0	0	0	0	0	0	0	1	2	3	2	1	1	0	0	1	1	0	0	0	0	0	0	2	3	5	1	4	2	5	6	8	10	9	9	14	16	11	14	11	21	20	22	29	26	23	22	19	23	24	26	38	24	20	25	35	30	29	37	41	37	37	39	39	50	45	52	50	49	47	51	50	42	45	39	36	40	39	0	0	0	0	0	0	0	0	0	0	0	0	0	0	0	0	0	0	0	0	0	0	0	0	0	0	0	0	0	0	0	0	0	0	0	0	0	0	0	0	
0	0	0	0	0	0	0	0	0	0	0	0	0	0	0	0	0	0	0	0	0	0	0	0	0	0	0	0	0	0	1	0	1	0	1	0	1	0	1	1	1	1	1	0	2	1	1	0	2	1	5	5	4	4	3	3	7	9	8	7	8	13	10	14	11	22	11	10	7	11	13	12	18	26	23	28	27	24	24	20	20	20	24	25	30	40	38	34	26	44	42	45	41	39	43	36	0	0	0	0	0	0	0	0	0	0	0	0	0	0	0	0	0	0	0	0	0	0	0	0	0	0	0	0	0	0	0	0	0	0	0	0	0	0	0	0	
0	0	0	0	0	0	0	0	0	0	0	0	0	0	0	0	0	0	0	0	0	0	0	0	0	0	0	0	0	0	0	0	0	0	0	0	0	0	0	0	0	0	0	0	0	0	0	0	0	0	0	0	0	0	0	0	0	0	0	0	0	0	0	0	0	0	0	0	0	0	0	0	0	0	0	0	0	0	0	0	0	0	0	0	0	0	0	0	0	0	0	0	0	0	0	0	0	0	0	0	0	0	0	0	0	0	0	0	0	0	0	0	0	0	0	0	0	0	0	0	0	0	0	0	0	0	0	0	0	0	0	0	0	0	0	0	
0	0	0	0	0	0	0	0	0	0	0	0	0	0	0	0	0	0	0	0	0	0	0	0	0	0	0	0	0	0	0	0	0	0	0	0	0	0	0	0	0	0	0	0	0	0	0	0	0	0	0	0	0	0	0	0	0	0	0	0	0	0	0	0	0	0	0	0	0	0	0	0	0	0	0	0	0	0	0	0	0	0	0	0	0	0	0	0	0	0	0	0	0	0	0	0	0	0	0	0	0	0	0	0	0	0	0	0	0	0	0	0	0	0	0	0	0	0	0	0	0	0	0	0	0	0	0	0	0	0	0	0	0	0	0	0	
32	45	39	37	37	31	36	34	43	43	43	42	61	55	48	48	47	41	39	46	51	66	44	48	35	33	38	42	36	36	36	33	33	28	17	6	12	4	5	4	8	4	4	7	4	6	5	4	8	3	4	3	4	2	3	4	4	2	0	1	2	5	5	6	2	1	2	3	4	3	2	1	3	0	0	5	1	1	0	3	6	9	3	2	5	5	2	0	1	1	3	2	1	1	0	3	0	0	0	0	0	0	0	0	0	0	0	0	0	0	0	0	0	0	0	0	0	0	0	0	0	0	0	0	0	0	0	0	0	0	0	0	0	0	0	0	
253	345	313	327	323	334	333	366	426	381	394	399	361	343	340	359	363	334	393	384	407	396	461	426	422	399	409	417	383	404	348	342	334	307	324	339	324	295	208	132	63	76	59	62	54	50	49	43	55	57	39	43	39	43	39	51	22	30	37	39	29	32	31	28	34	47	37	30	44	30	44	43	38	27	35	54	61	42	47	47	51	35	44	30	31	39	32	38	39	33	35	34	43	33	32	30	0	0	0	0	0	0	0	0	0	0	0	0	0	0	0	0	0	0	0	0	0	0	0	0	0	0	0	0	0	0	0	0	0	0	0	0	0	0	0	0	
356	408	355	344	347	324	348	391	389	367	372	410	396	378	388	376	346	382	376	413	398	418	406	449	438	431	427	439	446	471	453	439	418	401	395	400	388	394	364	394	361	300	255	165	130	70	88	74	62	75	53	67	56	67	67	59	66	67	71	52	49	45	55	47	63	48	42	50	38	50	64	67	51	50	51	49	63	56	63	61	66	68	61	64	72	68	57	48	56	55	60	60	59	51	49	46	0	0	0	0	0	0	0	0	0	0	0	0	0	0	0	0	0	0	0	0	0	0	0	0	0	0	0	0	0	0	0	0	0	0	0	0	0	0	0	0	
228	264	245	261	265	246	231	256	281	256	238	234	255	237	254	260	268	258	258	248	236	226	231	235	251	252	248	257	268	295	288	283	293	303	279	292	309	272	278	288	262	268	251	253	240	247	195	166	134	83	48	62	54	47	50	45	43	58	56	52	48	49	42	34	35	46	44	37	55	52	45	47	46	37	37	34	36	53	48	50	42	46	40	49	36	47	47	38	46	42	43	54	53	51	39	51	0	0	0	0	0	0	0	0	0	0	0	0	0	0	0	0	0	0	0	0	0	0	0	0	0	0	0	0	0	0	0	0	0	0	0	0	0	0	0	0	
149	153	156	197	170	180	214	192	199	215	235	201	183	160	177	166	179	177	191	181	182	154	164	143	151	171	164	166	161	146	161	160	170	160	183	196	187	182	227	206	205	209	200	191	189	213	205	215	226	213	220	164	130	92	61	42	39	28	35	32	37	30	29	33	31	35	29	35	29	30	31	23	24	23	26	23	28	30	33	29	31	31	28	31	27	32	27	21	22	27	28	32	35	33	38	29	0	0	0	0	0	0	0	0	0	0	0	0	0	0	0	0	0	0	0	0	0	0	0	0	0	0	0	0	0	0	0	0	0	0	0	0	0	0	0	0	
98	121	110	123	130	130	142	159	154	171	180	180	200	180	181	183	165	160	158	151	144	127	134	140	142	135	135	143	139	117	118	125	129	120	118	121	119	133	128	135	163	184	190	173	185	173	177	176	169	174	187	187	174	147	125	128	94	102	80	45	28	32	21	21	21	23	16	15	19	19	23	26	28	28	28	21	22	15	17	22	14	13	26	21	23	34	23	30	19	20	32	18	14	17	20	25	0	0	0	0	0	0	0	0	0	0	0	0	0	0	0	0	0	0	0	0	0	0	0	0	0	0	0	0	0	0	0	0	0	0	0	0	0	0	0	0	
83	85	100	98	107	103	94	105	105	114	95	129	118	130	152	162	148	147	175	170	153	131	124	122	117	99	112	110	132	136	121	127	116	106	117	113	101	131	99	120	95	112	118	126	121	146	134	146	131	132	141	139	127	160	118	118	111	103	112	120	108	94	84	60	54	22	19	12	21	21	12	12	12	15	24	19	17	16	15	16	17	21	18	19	20	17	16	15	18	26	21	19	16	19	12	15	0	0	0	0	0	0	0	0	0	0	0	0	0	0	0	0	0	0	0	0	0	0	0	0	0	0	0	0	0	0	0	0	0	0	0	0	0	0	0	0	
82	90	86	98	86	88	99	105	94	103	107	114	94	103	116	116	126	116	119	109	126	125	140	138	144	124	124	118	105	94	100	102	95	99	91	107	92	87	90	89	87	76	85	93	109	104	106	114	116	120	135	141	127	128	123	109	103	107	96	68	88	97	116	97	94	99	69	62	47	32	19	21	17	14	12	12	16	19	10	10	15	13	21	16	11	15	10	18	7	9	12	16	15	15	16	9	0	0	0	0	0	0	0	0	0	0	0	0	0	0	0	0	0	0	0	0	0	0	0	0	0	0	0	0	0	0	0	0	0	0	0	0	0	0	0	0	
61	68	79	82	80	82	85	91	73	85	67	70	89	85	94	95	96	80	93	106	107	112	119	124	128	128	117	115	118	106	105	86	92	82	91	74	77	78	90	82	93	84	93	86	82	81	66	64	86	75	88	93	90	90	106	99	101	112	96	97	97	86	82	65	83	89	77	80	76	85	73	62	62	40	38	17	18	13	11	15	18	10	15	13	13	22	15	15	6	8	10	11	10	10	13	14	0	0	0	0	0	0	0	0	0	0	0	0	0	0	0	0	0	0	0	0	0	0	0	0	0	0	0	0	0	0	0	0	0	0	0	0	0	0	0	0	
56	54	53	64	54	48	67	74	74	80	77	79	80	75	77	66	66	69	61	69	81	80	91	77	92	97	100	94	85	91	94	103	93	107	99	85	80	78	73	82	60	70	62	83	75	84	76	82	81	83	64	59	66	68	76	61	58	73	71	75	84	95	85	76	68	73	81	68	78	71	68	73	71	74	85	69	53	33	26	14	13	20	18	17	16	12	15	16	9	11	8	11	13	7	5	10	0	0	0	0	0	0	0	0	0	0	0	0	0	0	0	0	0	0	0	0	0	0	0	0	0	0	0	0	0	0	0	0	0	0	0	0	0	0	0	0	
23	32	40	46	45	51	55	48	52	59	59	76	71	64	66	77	71	68	74	76	61	54	55	52	56	72	66	75	79	68	85	81	76	80	79	86	93	89	72	67	65	59	67	67	70	56	62	73	67	60	65	78	62	69	62	63	63	44	44	48	49	50	66	54	57	61	67	62	73	74	53	72	64	55	60	62	49	51	60	60	58	44	37	30	28	13	10	14	13	8	11	5	7	8	8	6	0	0	0	0	0	0	0	0	0	0	0	0	0	0	0	0	0	0	0	0	0	0	0	0	0	0	0	0	0	0	0	0	0	0	0	0	0	0	0	0	
35	47	44	29	29	19	18	37	46	39	46	44	49	57	54	52	47	51	55	47	45	57	54	60	52	48	38	53	45	52	63	55	49	62	50	50	76	71	76	73	72	78	76	63	61	58	53	52	54	54	44	60	46	54	52	51	55	55	59	56	53	41	42	38	35	53	44	53	57	48	47	64	61	62	59	61	66	62	58	51	58	53	51	48	48	49	30	30	13	7	7	9	5	11	7	7	0	0	0	0	0	0	0	0	0	0	0	0	0	0	0	0	0	0	0	0	0	0	0	0	0	0	0	0	0	0	0	0	0	0	0	0	0	0	0	0	
16	21	17	26	30	29	19	25	29	24	27	21	24	29	37	43	40	42	42	32	29	37	36	36	35	44	46	36	41	36	38	33	35	33	31	45	54	57	45	52	45	54	52	55	69	73	60	52	50	44	49	44	47	52	44	45	35	34	45	39	46	42	36	29	34	44	34	35	34	33	29	34	28	40	50	48	52	45	41	48	37	41	41	44	47	36	35	35	34	37	38	29	22	12	9	9	0	0	0	0	0	0	0	0	0	0	0	0	0	0	0	0	0	0	0	0	0	0	0	0	0	0	0	0	0	0	0	0	0	0	0	0	0	0	0	0	
3	3	6	7	17	18	14	13	22	19	17	19	20	24	12	15	17	25	20	26	34	25	30	34	33	25	34	28	24	34	29	33	30	34	22	27	20	20	22	35	38	34	27	36	37	35	30	34	37	38	49	30	33	34	27	25	36	30	33	30	30	35	33	33	24	30	31	30	30	26	17	18	18	20	16	14	19	22	33	35	39	35	27	32	29	22	27	38	26	21	31	29	29	28	20	21	0	0	0	0	0	0	0	0	0	0	0	0	0	0	0	0	0	0	0	0	0	0	0	0	0	0	0	0	0	0	0	0	0	0	0	0	0	0	0	0	
1	0	1	0	3	1	1	8	8	8	8	9	10	14	14	12	11	9	12	7	13	6	18	10	24	17	23	23	27	25	17	20	15	20	13	15	16	19	16	10	13	20	16	13	14	19	14	18	18	17	15	25	28	33	28	16	18	20	22	18	21	16	20	18	19	18	16	17	23	18	14	18	14	18	19	12	13	22	16	12	17	18	23	20	23	19	20	22	24	16	18	17	15	16	16	12	0	0	0	0	0	0	0	0	0	0	0	0	0	0	0	0	0	0	0	0	0	0	0	0	0	0	0	0	0	0	0	0	0	0	0	0	0	0	0	0	
0	0	0	0	0	0	0	0	1	0	1	0	3	5	4	3	4	6	10	11	8	14	12	16	10	10	7	9	6	6	8	11	16	7	8	13	15	12	15	13	17	23	17	11	11	10	15	15	16	15	9	15	13	17	12	13	14	15	16	14	14	13	13	10	7	13	16	23	16	12	12	16	15	17	20	16	11	10	12	13	18	16	16	13	16	16	9	11	16	21	13	12	13	14	11	12	0	0	0	0	0	0	0	0	0	0	0	0	0	0	0	0	0	0	0	0	0	0	0	0	0	0	0	0	0	0	0	0	0	0	0	0	0	0	0	0	
0	0	0	0	0	0	0	0	0	0	0	0	0	0	0	0	0	0	0	0	0	0	0	0	0	0	0	0	0	0	0	0	0	0	0	0	0	0	0	0	0	0	0	0	0	0	0	0	0	0	0	0	0	0	0	0	0	0	0	0	0	0	0	0	0	0	0	0	0	0	0	0	0	0	0	0	0	0	0	0	0	0	0	0	0	0	0	0	0	0	0	0	0	0	0	0	0	0	0	0	0	0	0	0	0	0	0	0	0	0	0	0	0	0	0	0	0	0	0	0	0	0	0	0	0	0	0	0	0	0	0	0	0	0	0	0	
0	0	0	0	0	0	0	0	0	0	0	0	0	0	0	0	0	0	0	0	0	0	0	0	0	0	0	0	0	0	0	0	0	0	0	0	0	0	0	0	0	0	0	0	0	0	0	0	0	0	0	0	0	0	0	0	0	0	0	0	0	0	0	0	0	0	0	0	0	0	0	0	0	0	0	0	0	0	0	0	0	0	0	0	0	0	0	0	0	0	0	0	0	0	0	0	0	0	0	0	0	0	0	0	0	0	0	0	0	0	0	0	0	0	0	0	0	0	0	0	0	0	0	0	0	0	0	0	0	0	0	0	0	0	0	0	
0	0	0	0	0	0	0	0	0	0	0	0	0	0	0	0	0	0	0	0	0	0	0	0	0	0	0	0	0	0	0	0	1	2	1	1	0	0	0	0	0	0	0	0	0	1	0	0	0	0	0	0	0	0	1	0	0	1	0	0	0	0	0	0	0	0	0	0	0	0	0	0	0	0	0	0	0	0	1	1	1	0	0	0	0	0	0	0	0	0	0	0	0	0	0	0	0	0	0	0	0	0	0	0	0	0	0	0	0	0	0	0	0	0	0	0	0	0	0	0	0	0	0	0	0	0	0	0	0	0	0	0	0	0	0	0	
0	0	0	0	0	0	0	0	0	0	0	0	0	0	0	0	0	1	0	1	0	4	3	5	2	6	4	15	14	12	18	13	21	21	19	12	12	14	17	6	4	1	3	3	7	3	1	4	2	1	4	1	0	2	3	4	3	5	2	1	2	0	0	1	1	2	3	2	1	3	4	5	3	2	5	2	1	2	1	3	3	5	1	3	1	1	4	3	2	2	2	1	0	1	4	0	0	0	0	0	0	0	0	0	0	0	0	0	0	0	0	0	0	0	0	0	0	0	0	0	0	0	0	0	0	0	0	0	0	0	0	0	0	0	0	0	
0	0	0	0	0	0	0	0	0	0	0	0	0	0	0	0	0	0	1	1	4	5	13	5	22	38	56	72	68	84	77	73	72	76	75	91	75	64	61	55	62	56	31	23	19	15	18	18	10	14	13	17	10	8	13	13	14	8	10	8	10	3	6	5	7	5	5	8	6	6	6	4	6	8	4	9	4	6	3	4	8	9	5	2	5	5	2	8	9	3	9	4	3	3	9	9	0	0	0	0	0	0	0	0	0	0	0	0	0	0	0	0	0	0	0	0	0	0	0	0	0	0	0	0	0	0	0	0	0	0	0	0	0	0	0	0	
0	0	0	0	0	0	0	0	0	0	0	0	0	0	0	0	1	0	0	0	4	7	14	19	28	54	71	99	104	124	111	123	127	148	140	144	140	128	100	90	90	86	74	72	79	70	48	44	37	19	10	10	12	6	5	10	15	11	12	10	5	7	3	4	9	5	8	6	8	8	8	6	5	9	5	5	3	10	7	7	5	6	5	9	12	8	8	7	8	7	11	13	17	9	11	13	0	0	0	0	0	0	0	0	0	0	0	0	0	0	0	0	0	0	0	0	0	0	0	0	0	0	0	0	0	0	0	0	0	0	0	0	0	0	0	0	
0	0	0	0	0	0	0	0	0	0	0	0	0	0	0	0	0	0	0	2	2	5	9	19	24	34	72	82	98	103	111	136	138	150	143	132	136	123	126	142	145	131	114	96	83	92	89	86	87	83	75	52	44	33	19	7	9	13	8	8	8	7	3	5	8	7	5	3	6	8	9	12	13	6	5	6	8	6	5	5	7	10	8	9	8	9	7	10	11	13	9	9	6	9	10	5	0	0	0	0	0	0	0	0	0	0	0	0	0	0	0	0	0	0	0	0	0	0	0	0	0	0	0	0	0	0	0	0	0	0	0	0	0	0	0	0	
0	0	0	0	0	0	0	0	0	0	0	0	0	0	0	0	0	0	0	0	3	3	5	10	16	25	55	71	70	77	107	112	114	104	112	117	136	120	132	138	145	147	140	134	137	141	128	112	100	95	88	76	74	82	69	66	47	25	16	15	6	8	4	8	8	11	6	12	4	3	4	5	7	6	7	7	4	9	9	10	10	8	10	10	9	7	7	5	7	6	8	3	8	3	9	5	0	0	0	0	0	0	0	0	0	0	0	0	0	0	0	0	0	0	0	0	0	0	0	0	0	0	0	0	0	0	0	0	0	0	0	0	0	0	0	0	
0	0	0	0	0	0	0	0	0	0	0	0	0	0	0	0	1	0	0	0	0	2	2	11	12	18	32	52	64	68	67	85	95	92	93	107	108	102	105	125	130	125	125	126	119	125	128	122	131	140	141	105	82	85	74	54	41	65	52	43	41	38	34	26	15	7	8	12	12	8	5	6	3	7	10	9	12	9	8	2	7	11	9	8	2	5	9	5	3	5	5	8	8	5	6	11	0	0	0	0	0	0	0	0	0	0	0	0	0	0	0	0	0	0	0	0	0	0	0	0	0	0	0	0	0	0	0	0	0	0	0	0	0	0	0	0	
0	0	0	0	0	0	0	0	0	0	0	0	0	0	0	0	0	0	0	0	1	0	0	5	11	12	21	32	35	43	39	38	72	75	90	77	91	87	84	82	102	94	93	101	99	108	99	101	103	101	98	82	91	82	89	95	76	68	70	57	46	57	40	42	44	37	26	24	21	17	15	9	4	5	4	1	6	9	13	10	8	7	7	5	8	7	7	7	5	7	8	5	0	4	6	2	0	0	0	0	0	0	0	0	0	0	0	0	0	0	0	0	0	0	0	0	0	0	0	0	0	0	0	0	0	0	0	0	0	0	0	0	0	0	0	0	
0	0	0	0	0	0	0	0	0	0	0	0	0	0	0	0	0	0	0	0	0	0	1	2	6	10	15	19	26	29	35	31	41	42	52	43	51	62	60	70	67	58	77	74	65	72	66	69	82	85	80	62	70	80	71	60	64	74	60	78	64	51	47	43	43	48	46	54	40	28	28	25	19	17	11	5	5	6	9	5	4	5	5	7	4	7	4	5	1	3	7	8	4	7	8	3	0	0	0	0	0	0	0	0	0	0	0	0	0	0	0	0	0	0	0	0	0	0	0	0	0	0	0	0	0	0	0	0	0	0	0	0	0	0	0	0	
0	0	0	0	0	0	0	0	0	0	0	0	0	0	0	0	0	0	0	0	0	0	0	0	3	3	6	9	21	30	16	29	29	32	38	35	33	32	39	38	41	45	55	67	58	54	54	56	51	58	57	56	47	59	50	50	53	45	57	54	53	54	48	52	43	43	39	40	50	42	35	42	35	34	20	24	14	14	9	7	4	11	4	8	4	5	8	8	4	4	3	2	3	6	6	7	0	0	0	0	0	0	0	0	0	0	0	0	0	0	0	0	0	0	0	0	0	0	0	0	0	0	0	0	0	0	0	0	0	0	0	0	0	0	0	0	
0	0	0	0	0	0	0	0	0	0	0	0	0	0	0	0	0	0	0	1	1	1	0	0	0	0	3	2	5	11	9	12	16	17	20	22	22	19	22	30	35	37	31	31	31	29	41	38	36	41	41	40	42	41	42	45	49	41	33	40	39	36	31	31	27	35	38	44	45	43	47	28	26	34	32	26	22	31	23	28	24	12	12	5	4	3	1	4	3	5	4	3	2	0	2	4	0	0	0	0	0	0	0	0	0	0	0	0	0	0	0	0	0	0	0	0	0	0	0	0	0	0	0	0	0	0	0	0	0	0	0	0	0	0	0	0	
0	0	0	0	0	0	0	0	0	0	0	0	0	0	0	0	0	0	0	0	0	0	0	0	0	0	1	3	4	1	3	4	5	8	9	8	16	14	12	18	13	17	22	25	26	30	24	31	33	27	33	32	28	30	29	28	33	36	35	24	18	25	29	23	30	30	28	26	28	31	29	28	28	28	30	29	21	22	24	30	22	22	25	20	17	14	9	10	9	10	4	5	1	5	4	4	0	0	0	0	0	0	0	0	0	0	0	0	0	0	0	0	0	0	0	0	0	0	0	0	0	0	0	0	0	0	0	0	0	0	0	0	0	0	0	0	
0	0	0	0	0	0	0	0	0	0	0	0	0	0	0	0	0	0	0	0	0	0	0	0	0	0	1	1	0	0	0	2	2	1	2	4	5	10	13	11	7	9	9	11	10	13	18	16	17	22	15	18	13	11	10	19	17	20	20	20	21	19	21	14	16	15	15	15	13	24	21	21	23	23	18	18	25	17	22	25	33	22	20	20	19	15	23	21	27	20	17	7	13	3	6	3	0	0	0	0	0	0	0	0	0	0	0	0	0	0	0	0	0	0	0	0	0	0	0	0	0	0	0	0	0	0	0	0	0	0	0	0	0	0	0	0	
0	0	0	0	0	0	0	0	0	0	0	0	0	0	0	0	0	0	0	0	0	0	0	0	0	0	0	0	0	0	0	0	0	0	1	2	0	2	1	2	4	7	5	3	6	6	5	8	11	9	6	4	5	10	14	8	14	12	6	9	9	13	10	14	21	16	12	12	14	6	10	16	13	17	18	17	12	13	15	23	19	18	22	25	18	20	17	18	9	12	9	14	10	13	10	8	0	0	0	0	0	0	0	0	0	0	0	0	0	0	0	0	0	0	0	0	0	0	0	0	0	0	0	0	0	0	0	0	0	0	0	0	0	0	0	0	
0	0	0	0	0	0	0	0	0	0	0	0	0	0	0	0	0	0	0	0	0	0	0	0	0	0	0	0	0	0	0	0	0	0	0	0	1	1	1	0	1	1	0	1	0	2	3	1	4	2	4	2	3	1	1	2	3	8	4	0	6	5	4	8	7	7	8	13	7	7	10	6	9	6	4	5	4	4	6	5	10	10	9	8	11	9	14	10	11	10	4	6	6	7	6	3	0	0	0	0	0	0	0	0	0	0	0	0	0	0	0	0	0	0	0	0	0	0	0	0	0	0	0	0	0	0	0	0	0	0	0	0	0	0	0	0	
0	0	0	0	0	0	0	0	0	0	0	0	0	0	0	0	0	0	0	0	0	0	0	0	0	0	0	0	0	0	0	0	0	0	0	0	0	0	0	1	2	2	0	1	3	1	1	1	3	2	2	1	1	4	4	5	4	3	3	3	2	3	4	5	4	2	3	3	3	4	6	6	4	7	5	5	7	2	4	4	5	4	2	1	2	4	5	7	3	5	4	6	9	7	5	2	0	0	0	0	0	0	0	0	0	0	0	0	0	0	0	0	0	0	0	0	0	0	0	0	0	0	0	0	0	0	0	0	0	0	0	0	0	0	0	0	
0	0	0	0	0	0	0	0	0	0	0	0	0	0	0	0	0	0	0	0	0	0	0	0	0	0	0	0	0	0	0	0	0	0	0	0	0	0	0	0	0	0	0	0	0	0	0	0	0	0	0	0	0	0	0	0	0	0	0	0	0	0	0	0	0	0	0	0	0	0	0	0	0	0	0	0	0	0	0	0	0	0	0	0	0	0	0	0	0	0	0	0	0	0	0	0	0	0	0	0	0	0	0	0	0	0	0	0	0	0	0	0	0	0	0	0	0	0	0	0	0	0	0	0	0	0	0	0	0	0	0	0	0	0	0	0	
0	0	0	0	0	0	0	0	0	0	0	0	0	0	0	0	0	0	0	0	0	0	0	0	0	0	0	0	0	0	0	0	0	0	0	0	0	0	0	0	0	0	0	0	0	0	0	0	0	0	0	0	0	0	0	0	0	0	0	0	0	0	0	0	0	0	0	0	0	0	0	0	0	0	0	0	0	0	0	0	0	0	0	0	0	0	0	0	0	0	0	0	0	0	0	0	0	0	0	0	0	0	0	0	0	0	0	0	0	0	0	0	0	0	0	0	0	0	0	0	0	0	0	0	0	0	0	0	0	0	0	0	0	0	0	0	
0	0	0	0	0	0	1	1	1	5	3	3	2	1	3	3	2	2	4	6	7	4	6	6	3	3	3	4	4	3	1	0	2	1	0	2	2	0	0	0	1	0	0	0	0	0	0	0	0	0	0	0	0	0	0	0	0	0	1	0	0	0	0	0	0	0	0	0	0	1	0	0	0	0	0	0	0	1	0	0	0	0	0	0	0	0	0	0	0	0	0	0	0	0	0	0	0	0	0	0	0	0	0	0	0	0	0	0	0	0	0	0	0	0	0	0	0	0	0	0	0	0	0	0	0	0	0	0	0	0	0	0	0	0	0	0	
0	0	0	0	0	7	10	10	11	19	32	44	62	72	84	97	88	90	93	105	144	146	136	113	123	115	114	78	69	68	76	74	59	48	37	28	29	24	18	9	7	8	7	7	3	2	3	8	4	5	6	0	3	5	6	8	5	2	2	3	2	2	1	4	3	6	2	0	3	4	6	4	3	1	2	2	5	6	2	3	5	4	1	6	3	3	2	1	2	0	2	1	6	1	3	2	0	0	0	0	0	0	0	0	0	0	0	0	0	0	0	0	0	0	0	0	0	0	0	0	0	0	0	0	0	0	0	0	0	0	0	0	0	0	0	0	
0	0	0	0	0	4	7	10	16	28	35	56	66	108	135	169	180	202	222	226	255	264	273	276	259	273	240	217	218	177	162	158	117	123	88	82	62	69	63	54	45	40	34	20	13	10	4	4	11	9	15	8	3	7	11	9	9	12	4	8	2	2	4	8	9	6	7	10	4	7	3	6	4	6	3	8	3	6	4	6	11	1	3	6	7	5	3	3	12	10	9	4	7	6	4	6	0	0	0	0	0	0	0	0	0	0	0	0	0	0	0	0	0	0	0	0	0	0	0	0	0	0	0	0	0	0	0	0	0	0	0	0	0	0	0	0	
0	0	0	0	0	1	4	4	13	16	19	30	39	58	88	114	132	166	184	188	235	245	250	224	246	222	217	208	181	152	167	143	135	111	108	86	68	59	46	52	32	38	50	46	44	39	26	20	17	8	13	3	3	6	7	3	2	6	7	5	5	7	5	6	3	4	5	5	3	2	3	7	5	3	1	5	9	3	5	4	4	4	4	5	9	6	5	4	4	6	5	6	2	4	6	5	0	0	0	0	0	0	0	0	0	0	0	0	0	0	0	0	0	0	0	0	0	0	0	0	0	0	0	0	0	0	0	0	0	0	0	0	0	0	0	0	
0	0	0	0	0	2	1	5	4	4	16	18	26	37	42	45	81	96	121	134	144	181	196	171	164	162	161	162	125	116	108	116	100	91	65	80	71	58	66	54	45	37	41	54	27	36	28	30	31	30	22	19	14	7	4	6	1	3	3	2	2	1	3	1	2	3	4	4	2	2	2	1	3	4	9	3	1	3	2	3	3	3	6	5	2	2	3	5	2	2	4	6	2	0	4	2	0	0	0	0	0	0	0	0	0	0	0	0	0	0	0	0	0	0	0	0	0	0	0	0	0	0	0	0	0	0	0	0	0	0	0	0	0	0	0	0	
0	0	0	0	0	1	2	4	6	11	11	7	15	22	38	50	47	58	68	90	102	111	127	136	140	131	101	95	98	91	75	76	55	52	56	53	47	40	42	39	28	34	52	41	47	41	42	24	34	28	26	27	17	18	18	18	10	8	7	8	2	0	2	1	2	2	5	3	2	0	3	1	1	3	1	1	2	1	1	4	2	4	1	1	3	2	1	0	1	2	2	1	2	1	2	1	0	0	0	0	0	0	0	0	0	0	0	0	0	0	0	0	0	0	0	0	0	0	0	0	0	0	0	0	0	0	0	0	0	0	0	0	0	0	0	0	
0	0	0	0	0	0	4	5	6	3	5	8	12	15	21	20	28	49	58	48	61	84	93	100	84	89	72	82	68	72	63	56	51	53	37	40	32	42	32	28	26	32	26	29	29	26	38	30	19	30	32	30	22	17	16	15	23	16	12	11	13	11	7	7	8	3	1	1	2	1	1	1	1	1	3	4	1	3	0	0	1	3	2	2	4	3	2	2	2	1	2	2	1	2	1	5	0	0	0	0	0	0	0	0	0	0	0	0	0	0	0	0	0	0	0	0	0	0	0	0	0	0	0	0	0	0	0	0	0	0	0	0	0	0	0	0	
0	0	0	0	0	0	0	0	1	3	4	6	6	7	11	15	19	33	37	28	39	43	55	69	58	73	68	62	49	46	33	34	29	40	34	34	31	35	26	26	26	27	20	25	21	20	20	22	22	25	21	20	23	29	18	27	18	17	19	19	11	19	14	15	14	7	2	4	3	4	1	4	3	2	0	2	1	1	3	3	4	3	0	0	5	3	0	4	6	3	2	4	2	0	2	2	0	0	0	0	0	0	0	0	0	0	0	0	0	0	0	0	0	0	0	0	0	0	0	0	0	0	0	0	0	0	0	0	0	0	0	0	0	0	0	0	
0	0	0	0	0	0	0	0	0	0	1	2	2	3	6	5	2	8	10	16	18	22	30	36	36	36	29	44	41	37	37	32	23	25	14	22	20	21	31	26	16	28	19	20	18	19	22	16	10	20	16	21	16	17	12	10	9	9	18	22	13	12	13	9	6	16	7	11	6	5	8	6	8	2	4	2	0	1	2	1	2	3	4	0	1	2	1	2	1	3	1	0	0	2	0	1	0	0	0	0	0	0	0	0	0	0	0	0	0	0	0	0	0	0	0	0	0	0	0	0	0	0	0	0	0	0	0	0	0	0	0	0	0	0	0	0	
0	0	0	0	0	0	0	0	0	0	0	0	1	0	1	2	5	5	4	11	11	17	16	19	17	24	22	19	23	19	15	20	21	15	15	18	18	13	13	9	15	12	11	9	9	16	10	18	16	19	17	14	12	13	9	14	5	9	8	10	7	7	17	14	9	12	14	18	10	15	8	8	6	8	10	9	4	6	3	2	1	0	1	1	2	2	0	3	1	0	0	0	0	0	2	1	0	0	0	0	0	0	0	0	0	0	0	0	0	0	0	0	0	0	0	0	0	0	0	0	0	0	0	0	0	0	0	0	0	0	0	0	0	0	0	0	
0	0	0	0	0	0	0	0	0	0	0	1	2	1	1	2	2	1	1	3	3	5	7	5	9	9	12	11	8	5	11	9	8	5	10	12	11	11	15	9	11	11	9	13	9	7	3	8	13	10	9	11	8	8	9	7	6	11	11	6	4	10	16	7	8	5	3	14	11	6	6	13	6	10	6	10	8	3	11	7	8	1	5	1	2	2	2	1	2	0	1	0	3	2	0	0	0	0	0	0	0	0	0	0	0	0	0	0	0	0	0	0	0	0	0	0	0	0	0	0	0	0	0	0	0	0	0	0	0	0	0	0	0	0	0	0	
0	0	0	0	0	0	0	0	0	0	0	0	0	0	0	0	0	2	2	1	2	2	1	1	1	1	5	5	0	1	5	2	1	2	7	10	8	4	4	4	4	7	6	9	11	4	8	6	6	4	6	6	9	4	6	7	11	6	6	3	5	8	5	7	8	7	9	6	6	7	7	6	9	6	10	7	10	10	6	5	8	10	4	6	1	6	4	4	2	0	0	1	1	1	2	1	0	0	0	0	0	0	0	0	0	0	0	0	0	0	0	0	0	0	0	0	0	0	0	0	0	0	0	0	0	0	0	0	0	0	0	0	0	0	0	0	
0	0	0	0	0	0	0	0	0	0	0	0	0	0	0	0	0	0	0	0	1	0	0	0	0	0	1	1	1	1	2	0	0	0	1	4	3	3	4	2	3	6	3	1	2	2	3	2	2	2	3	3	2	1	3	4	5	8	4	7	6	6	4	5	6	4	3	5	7	3	5	6	4	6	6	5	11	8	5	6	7	6	4	5	6	4	6	2	2	5	3	3	1	1	1	1	0	0	0	0	0	0	0	0	0	0	0	0	0	0	0	0	0	0	0	0	0	0	0	0	0	0	0	0	0	0	0	0	0	0	0	0	0	0	0	0	
0	0	0	0	0	0	0	0	0	0	0	0	0	0	0	0	0	0	0	0	0	0	0	0	0	0	0	1	0	0	0	0	0	1	1	0	1	1	0	1	1	2	0	1	1	3	1	3	1	1	1	4	4	1	2	4	1	1	5	6	4	5	6	8	4	4	6	4	5	2	0	0	4	0	4	3	6	5	2	3	3	6	7	7	4	2	4	0	0	3	1	2	5	0	2	3	0	0	0	0	0	0	0	0	0	0	0	0	0	0	0	0	0	0	0	0	0	0	0	0	0	0	0	0	0	0	0	0	0	0	0	0	0	0	0	0	
0	0	0	0	0	0	0	0	0	0	0	0	0	0	0	0	0	0	0	0	0	0	0	0	0	0	1	1	1	0	0	0	0	0	0	0	0	0	0	0	0	1	1	0	0	1	1	1	2	2	1	1	0	1	0	0	0	0	2	3	2	0	1	2	1	1	2	0	2	3	2	3	0	1	1	2	1	1	0	1	3	2	2	2	3	4	2	4	0	2	2	3	2	1	1	1	0	0	0	0	0	0	0	0	0	0	0	0	0	0	0	0	0	0	0	0	0	0	0	0	0	0	0	0	0	0	0	0	0	0	0	0	0	0	0	0	
0	0	0	0	0	0	0	0	0	0	0	0	0	0	0	0	0	0	0	0	0	0	0	0	0	0	0	0	0	0	0	0	0	0	0	0	0	0	0	0	0	0	1	0	0	0	0	0	0	0	1	1	1	0	1	1	1	0	1	0	1	1	0	1	0	0	0	2	1	2	1	1	1	0	2	2	1	3	2	0	0	0	1	1	0	1	2	1	2	1	3	3	0	2	1	2	0	0	0	0	0	0	0	0	0	0	0	0	0	0	0	0	0	0	0	0	0	0	0	0	0	0	0	0	0	0	0	0	0	0	0	0	0	0	0	0	
0	0	0	0	0	0	0	0	0	0	0	0	0	0	0	0	0	0	0	0	0	0	0	0	0	0	0	0	0	0	0	0	0	0	0	0	0	0	0	0	0	0	0	0	0	0	0	0	0	0	0	0	0	0	0	0	0	0	0	0	0	0	0	0	0	0	0	0	0	0	0	0	0	0	0	0	0	0	0	0	0	0	0	0	0	0	0	0	0	0	0	0	0	0	0	0	0	0	0	0	0	0	0	0	0	0	0	0	0	0	0	0	0	0	0	0	0	0	0	0	0	0	0	0	0	0	0	0	0	0	0	0	0	0	0	0	
0	0	0	0	0	0	0	0	0	0	0	0	0	0	0	0	0	0	0	0	0	0	0	0	0	0	0	0	0	0	0	0	0	0	0	0	0	0	0	0	0	0	0	0	0	0	0	0	0	0	0	0	0	0	0	0	0	0	0	0	0	0	0	0	0	0	0	0	0	0	0	0	0	0	0	0	0	0	0	0	0	0	0	0	0	0	0	0	0	0	0	0	0	0	0	0	0	0	0	0	0	0	0	0	0	0	0	0	0	0	0	0	0	0	0	0	0	0	0	0	0	0	0	0	0	0	0	0	0	0	0	0	0	0	0	0	
0	132	112	92	105	98	112	110	136	128	101	112	138	150	131	144	148	137	128	121	146	161	132	135	99	113	115	132	122	113	114	100	119	90	87	85	89	96	96	113	104	88	78	88	85	102	108	82	99	95	101	106	105	106	89	89	77	80	90	94	87	94	103	93	92	93	74	85	100	86	69	82	90	87	98	95	89	97	84	99	86	90	82	103	97	89	76	78	81	70	77	102	89	92	92	87	0	0	0	0	0	0	0	0	0	0	0	0	0	0	0	0	0	0	0	0	0	0	0	0	0	0	0	0	0	0	0	0	0	0	0	0	0	0	0	0	
0	918	850	916	914	933	980	1018	1045	1013	1057	1036	1040	1026	1008	1017	1040	1047	1070	1103	1118	1165	1252	1203	1154	1159	1145	1078	1048	1006	984	970	977	943	964	969	968	982	903	829	839	851	841	839	809	821	784	845	813	845	877	851	895	926	917	870	851	857	892	857	816	784	814	774	808	846	828	854	905	860	793	743	744	790	818	834	875	841	900	818	783	820	820	866	830	880	882	833	829	775	773	786	818	789	809	865	0	0	0	0	0	0	0	0	0	0	0	0	0	0	0	0	0	0	0	0	0	0	0	0	0	0	0	0	0	0	0	0	0	0	0	0	0	0	0	0	
0	1312	1180	1151	1133	1120	1255	1271	1296	1314	1303	1290	1301	1281	1233	1236	1207	1205	1180	1244	1249	1290	1296	1348	1374	1386	1401	1447	1428	1452	1438	1432	1324	1322	1335	1305	1331	1328	1295	1303	1296	1274	1268	1187	1081	1067	1079	1085	1072	1080	1080	1072	1114	1118	1133	1139	1123	1107	1126	1123	1131	1083	1138	1127	1120	1052	1045	1091	1061	1062	1119	1062	1081	1060	1013	1042	1049	1050	1074	1105	1010	1079	1105	1073	1063	1061	1083	1009	1111	1002	980	1037	1088	1090	1059	1034	0	0	0	0	0	0	0	0	0	0	0	0	0	0	0	0	0	0	0	0	0	0	0	0	0	0	0	0	0	0	0	0	0	0	0	0	0	0	0	0	
0	957	903	928	915	897	896	939	978	929	917	905	928	897	884	902	905	852	842	801	795	780	829	822	844	872	887	899	947	923	918	959	1029	1006	1025	994	1048	984	962	947	949	923	963	984	985	960	892	904	879	763	703	776	819	780	745	766	759	816	786	815	823	799	804	768	771	808	755	848	840	822	737	766	754	752	733	767	786	839	784	764	778	723	757	746	786	769	775	759	806	754	732	738	759	764	804	740	0	0	0	0	0	0	0	0	0	0	0	0	0	0	0	0	0	0	0	0	0	0	0	0	0	0	0	0	0	0	0	0	0	0	0	0	0	0	0	0	
0	648	636	708	681	713	751	721	799	796	795	748	775	723	726	715	681	654	677	637	659	634	586	537	560	581	585	553	566	586	604	599	589	636	704	713	726	730	740	789	773	775	772	757	736	766	765	783	800	787	796	739	732	691	627	613	599	579	591	584	593	550	585	626	633	627	646	629	640	667	607	602	596	615	587	572	585	631	560	631	597	609	581	610	562	617	617	586	591	603	584	594	603	613	594	615	0	0	0	0	0	0	0	0	0	0	0	0	0	0	0	0	0	0	0	0	0	0	0	0	0	0	0	0	0	0	0	0	0	0	0	0	0	0	0	0	
0	448	473	493	480	547	558	602	631	650	682	714	684	655	635	671	663	625	612	568	545	525	547	560	500	491	503	482	466	463	507	496	497	481	494	508	511	518	552	559	591	640	622	659	659	667	633	613	707	639	690	651	656	671	660	641	601	615	551	550	535	522	507	513	497	507	510	519	568	552	565	523	536	553	538	512	518	517	511	533	480	499	503	514	540	557	544	517	542	536	510	537	524	541	516	522	0	0	0	0	0	0	0	0	0	0	0	0	0	0	0	0	0	0	0	0	0	0	0	0	0	0	0	0	0	0	0	0	0	0	0	0	0	0	0	0	
0	372	396	385	400	397	375	446	445	469	452	485	522	493	561	564	571	604	584	587	563	535	495	475	472	424	461	468	449	433	417	439	414	406	386	419	408	439	430	424	417	462	485	504	526	548	562	587	575	560	570	567	576	587	558	567	542	559	578	600	550	534	551	522	498	498	448	437	472	451	451	498	453	453	522	477	460	447	461	455	450	442	475	492	446	449	441	441	455	475	493	457	468	459	478	470	0	0	0	0	0	0	0	0	0	0	0	0	0	0	0	0	0	0	0	0	0	0	0	0	0	0	0	0	0	0	0	0	0	0	0	0	0	0	0	0	
0	314	328	333	313	331	326	351	340	392	413	396	412	394	436	470	442	426	482	482	498	478	498	496	482	471	428	441	398	374	392	385	335	377	328	355	361	352	361	370	366	340	341	369	393	413	404	426	453	479	533	518	525	529	551	508	499	495	484	484	501	506	503	493	519	523	501	496	429	419	429	444	409	411	398	423	419	454	392	412	443	449	422	427	406	427	417	420	409	449	395	422	409	389	409	433	0	0	0	0	0	0	0	0	0	0	0	0	0	0	0	0	0	0	0	0	0	0	0	0	0	0	0	0	0	0	0	0	0	0	0	0	0	0	0	0	
0	260	283	259	285	288	327	299	280	295	287	294	335	333	343	331	351	353	365	374	397	405	439	432	422	451	434	429	413	407	381	345	352	333	336	328	330	301	320	301	307	301	311	346	332	323	306	315	343	337	371	377	372	376	413	405	463	486	480	490	472	465	419	424	442	412	450	450	459	451	440	435	445	449	396	370	369	369	370	360	386	386	408	384	397	385	394	402	371	370	386	376	390	406	374	377	0	0	0	0	0	0	0	0	0	0	0	0	0	0	0	0	0	0	0	0	0	0	0	0	0	0	0	0	0	0	0	0	0	0	0	0	0	0	0	0	
0	206	229	233	222	229	262	251	257	268	259	291	289	272	272	279	280	273	274	284	283	288	343	319	345	342	352	375	395	353	380	353	351	364	353	342	302	319	303	306	264	260	244	285	295	300	283	301	296	299	306	304	314	284	324	327	318	347	378	377	404	408	458	426	395	386	404	365	399	380	394	378	411	383	426	406	367	349	322	346	321	359	355	314	323	336	334	348	337	315	319	336	334	355	325	325	0	0	0	0	0	0	0	0	0	0	0	0	0	0	0	0	0	0	0	0	0	0	0	0	0	0	0	0	0	0	0	0	0	0	0	0	0	0	0	0	
0	169	168	190	160	182	195	203	214	235	232	220	229	218	235	269	261	267	242	245	215	235	239	233	253	272	282	268	283	272	301	304	289	288	287	288	305	328	299	289	268	257	273	237	247	224	246	256	232	227	246	246	218	256	248	259	268	256	251	268	249	249	288	311	326	336	356	345	388	357	329	363	348	337	354	331	333	310	328	342	331	344	318	307	276	254	291	270	291	296	279	247	289	286	254	280	0	0	0	0	0	0	0	0	0	0	0	0	0	0	0	0	0	0	0	0	0	0	0	0	0	0	0	0	0	0	0	0	0	0	0	0	0	0	0	0	
0	145	155	139	127	121	107	129	142	151	165	151	161	184	193	206	190	182	193	189	191	195	208	221	215	167	175	221	210	206	187	212	219	217	207	219	241	244	251	256	269	261	271	248	252	218	222	231	219	205	202	203	196	200	180	199	202	191	228	218	220	204	235	200	215	245	225	251	254	257	275	284	280	280	284	315	296	305	289	272	280	274	272	301	316	298	261	276	227	220	237	234	237	215	246	241	0	0	0	0	0	0	0	0	0	0	0	0	0	0	0	0	0	0	0	0	0	0	0	0	0	0	0	0	0	0	0	0	0	0	0	0	0	0	0	0	
0	94	92	105	111	106	104	112	109	92	110	109	121	117	135	119	139	137	152	156	130	133	146	143	153	157	164	148	153	143	148	144	161	162	167	156	166	166	178	193	184	214	202	196	222	231	217	213	205	188	196	186	186	181	173	162	148	134	144	165	168	153	179	160	167	182	169	161	168	177	165	169	190	200	219	213	218	229	219	230	217	226	207	233	200	194	229	204	208	210	220	213	191	157	182	169	0	0	0	0	0	0	0	0	0	0	0	0	0	0	0	0	0	0	0	0	0	0	0	0	0	0	0	0	0	0	0	0	0	0	0	0	0	0	0	0	
0	21	38	43	58	61	59	74	75	74	77	75	79	80	70	64	93	91	86	93	107	99	108	111	98	98	85	107	105	109	93	122	116	113	98	95	88	104	105	114	119	119	112	125	132	144	127	136	138	140	169	149	153	135	124	115	139	134	141	129	128	134	114	111	108	134	108	102	123	113	110	112	100	100	114	113	104	130	159	154	171	162	170	162	172	157	165	156	154	134	142	146	158	135	148	144	0	0	0	0	0	0	0	0	0	0	0	0	0	0	0	0	0	0	0	0	0	0	0	0	0	0	0	0	0	0	0	0	0	0	0	0	0	0	0	0	
0	3	6	8	9	12	15	26	30	29	28	29	29	46	53	54	45	41	51	40	49	42	56	53	69	68	67	71	74	66	69	64	49	63	57	72	74	69	64	66	59	71	70	60	76	75	66	67	80	85	70	98	92	101	97	96	98	89	93	95	90	72	96	85	82	68	67	62	73	80	78	81	83	83	75	71	71	82	63	61	75	77	98	92	104	99	99	102	98	93	103	101	107	104	89	100	0	0	0	0	0	0	0	0	0	0	0	0	0	0	0	0	0	0	0	0	0	0	0	0	0	0	0	0	0	0	0	0	0	0	0	0	0	0	0	0	
0	0	0	0	1	2	2	4	4	2	3	6	11	21	13	13	17	20	23	29	33	33	32	32	33	32	34	33	41	35	36	40	49	40	39	41	42	45	54	54	54	73	67	56	48	46	56	59	67	67	49	53	58	61	57	58	54	58	67	82	79	74	63	78	73	75	70	82	71	76	54	58	54	60	72	70	58	53	74	64	67	61	57	59	76	70	57	56	81	79	75	56	71	85	76	81	0	0	0	0	0	0	0	0	0	0	0	0	0	0	0	0	0	0	0	0	0	0	0	0	0	0	0	0	0	0	0	0	0	0	0	0	0	0	0	0	
0	0	0	0	0	0	0	0	0	0	0	0	0	0	0	0	0	0	0	0	0	0	0	0	0	0	0	0	0	0	0	0	0	0	0	0	0	0	0	0	0	0	0	0	0	0	0	0	0	0	0	0	0	0	0	0	0	0	0	0	0	0	0	0	0	0	0	0	0	0	0	0	0	0	0	0	0	0	0	0	0	0	0	0	0	0	0	0	0	0	0	0	0	0	0	0	0	0	0	0	0	0	0	0	0	0	0	0	0	0	0	0	0	0	0	0	0	0	0	0	0	0	0	0	0	0	0	0	0	0	0	0	0	0	0	0	
0	0	0	0	0	0	0	0	0	0	0	0	0	0	0	0	0	0	0	0	0	0	0	0	0	0	0	0	0	0	0	0	0	0	0	0	0	0	0	0	0	0	0	0	0	0	0	0	0	0	0	0	0	0	0	0	0	0	0	0	0	0	0	0	0	0	0	0	0	0	0	0	0	0	0	0	0	0	0	0	0	0	0	0	0	0	0	0	0	0	0	0	0	0	0	0	0	0	0	0	0	0	0	0	0	0	0	0	0	0	0	0	0	0	0	0	0	0	0	0	0	0	0	0	0	0	0	0	0	0	0	0	0	0	0	0	
0	0	0	0	0	0	0	0	0	0	0	0	0	0	0	0	0	0	0	0	0	0	0	0	1	0	0	0	1	1	0	1	2	3	4	4	5	3	6	5	5	3	3	6	6	7	2	2	2	3	5	6	4	6	9	3	6	6	3	6	6	2	3	2	2	2	1	2	0	0	1	5	1	2	2	1	0	3	2	5	2	0	4	1	3	3	2	1	4	4	5	3	4	4	4	2	0	0	0	0	0	0	0	0	0	0	0	0	0	0	0	0	0	0	0	0	0	0	0	0	0	0	0	0	0	0	0	0	0	0	0	0	0	0	0	0	
0	0	0	0	0	0	0	0	0	0	0	0	0	0	0	0	0	1	0	2	1	8	9	11	7	22	18	35	37	36	47	34	50	52	57	42	43	41	47	49	58	58	56	62	78	81	66	79	74	63	62	56	59	57	60	72	72	67	56	54	58	44	48	58	61	51	42	45	48	43	41	40	42	33	32	37	40	39	46	40	44	42	42	41	47	56	42	32	41	45	49	35	28	43	54	41	0	0	0	0	0	0	0	0	0	0	0	0	0	0	0	0	0	0	0	0	0	0	0	0	0	0	0	0	0	0	0	0	0	0	0	0	0	0	0	0	
0	0	0	0	0	0	0	0	0	0	0	0	0	0	0	0	2	0	5	2	11	21	34	44	69	92	147	205	221	234	212	218	266	254	253	250	247	206	207	194	174	166	160	163	154	163	170	169	152	195	174	171	184	187	180	159	156	165	160	148	183	146	161	167	157	170	152	139	124	135	127	112	96	117	124	104	113	113	116	122	142	141	140	115	114	113	120	134	128	130	141	135	130	132	119	134	0	0	0	0	0	0	0	0	0	0	0	0	0	0	0	0	0	0	0	0	0	0	0	0	0	0	0	0	0	0	0	0	0	0	0	0	0	0	0	0	
0	0	0	0	0	0	0	0	0	0	0	0	0	0	0	0	2	1	3	9	11	29	43	61	93	135	194	258	308	382	371	389	424	461	456	473	442	404	339	315	304	278	257	280	261	243	224	196	202	182	180	203	202	184	187	212	187	186	185	189	189	206	180	199	191	185	212	204	187	166	152	156	150	157	145	143	152	149	152	143	151	151	142	158	182	147	159	165	179	145	155	185	179	169	161	186	0	0	0	0	0	0	0	0	0	0	0	0	0	0	0	0	0	0	0	0	0	0	0	0	0	0	0	0	0	0	0	0	0	0	0	0	0	0	0	0	
0	0	0	0	0	0	0	0	0	0	0	0	0	0	0	0	0	0	1	2	7	12	32	61	64	118	212	250	275	316	319	374	407	435	468	479	470	463	473	480	459	439	383	345	290	297	330	301	284	265	267	237	204	219	177	206	224	215	199	192	198	192	192	212	195	202	213	218	207	195	180	201	196	185	184	178	173	163	167	162	185	179	156	161	174	158	158	163	160	184	176	186	190	200	177	168	0	0	0	0	0	0	0	0	0	0	0	0	0	0	0	0	0	0	0	0	0	0	0	0	0	0	0	0	0	0	0	0	0	0	0	0	0	0	0	0	
0	0	0	0	0	0	0	0	0	0	0	0	0	0	0	0	0	0	0	1	7	12	19	39	51	88	165	201	232	235	278	310	334	353	375	396	449	432	441	452	473	435	454	472	452	449	394	382	366	336	302	286	294	298	285	258	231	234	223	199	211	187	187	210	223	236	234	202	222	193	210	205	177	194	192	199	208	195	204	209	189	182	175	186	170	172	185	158	177	179	157	165	194	176	186	179	0	0	0	0	0	0	0	0	0	0	0	0	0	0	0	0	0	0	0	0	0	0	0	0	0	0	0	0	0	0	0	0	0	0	0	0	0	0	0	0	
0	0	0	0	0	0	0	0	0	0	0	0	0	0	0	0	1	0	0	1	1	3	6	28	43	63	109	153	176	179	216	235	251	260	279	295	315	328	349	375	368	390	386	378	420	429	412	434	439	446	430	385	339	316	308	306	267	275	248	241	242	236	222	216	194	206	208	221	193	212	206	193	188	199	193	217	223	224	215	222	188	189	190	202	192	197	156	169	154	160	172	176	164	179	172	161	0	0	0	0	0	0	0	0	0	0	0	0	0	0	0	0	0	0	0	0	0	0	0	0	0	0	0	0	0	0	0	0	0	0	0	0	0	0	0	0	
0	0	0	0	0	0	0	0	0	0	0	0	0	0	0	0	0	0	0	0	3	6	9	14	26	37	73	98	120	147	147	151	208	188	226	230	241	254	256	260	304	300	307	334	328	321	333	335	358	385	373	365	368	373	364	373	334	313	296	277	251	271	235	254	251	244	210	209	202	186	184	208	186	174	187	178	159	196	206	188	191	217	210	190	180	212	212	202	195	173	172	154	135	130	170	154	0	0	0	0	0	0	0	0	0	0	0	0	0	0	0	0	0	0	0	0	0	0	0	0	0	0	0	0	0	0	0	0	0	0	0	0	0	0	0	0	
0	0	0	0	0	0	0	0	0	0	0	0	0	0	0	0	0	0	0	0	0	1	5	7	17	27	49	59	76	102	113	106	138	150	149	136	158	195	205	193	211	230	234	231	243	253	264	245	269	272	287	280	299	306	333	337	288	331	300	335	301	265	259	253	244	220	226	233	219	204	209	199	198	192	174	178	179	186	158	170	181	170	168	170	174	183	185	180	162	162	169	166	175	162	173	173	0	0	0	0	0	0	0	0	0	0	0	0	0	0	0	0	0	0	0	0	0	0	0	0	0	0	0	0	0	0	0	0	0	0	0	0	0	0	0	0	
0	0	0	0	0	0	0	0	0	0	0	0	0	0	0	0	0	0	0	0	0	0	2	2	5	10	23	43	53	74	77	86	106	116	128	115	114	113	129	133	133	130	174	175	162	176	187	194	190	200	232	200	195	201	232	220	253	238	254	279	267	272	273	280	309	292	233	235	245	235	210	214	215	188	193	181	153	163	169	132	147	141	141	155	144	148	143	165	175	158	128	158	159	169	158	164	0	0	0	0	0	0	0	0	0	0	0	0	0	0	0	0	0	0	0	0	0	0	0	0	0	0	0	0	0	0	0	0	0	0	0	0	0	0	0	0	
0	0	0	0	0	0	0	0	0	0	0	0	0	0	0	0	0	0	0	1	1	1	0	0	1	2	9	14	19	30	29	42	51	53	64	62	78	79	97	106	110	110	103	110	104	107	125	144	124	142	149	159	160	149	140	151	164	161	160	178	184	177	194	218	233	199	233	213	224	233	231	193	192	203	168	161	172	173	156	152	172	160	146	125	118	128	118	121	100	114	137	132	126	119	124	127	0	0	0	0	0	0	0	0	0	0	0	0	0	0	0	0	0	0	0	0	0	0	0	0	0	0	0	0	0	0	0	0	0	0	0	0	0	0	0	0	
0	0	0	0	0	0	0	0	0	0	0	0	0	0	0	0	0	0	0	0	0	0	0	1	3	1	5	5	10	7	10	17	21	30	32	29	41	43	35	47	56	59	71	78	77	98	92	93	87	79	91	92	99	97	101	99	121	130	134	117	119	117	136	137	153	144	143	142	149	155	159	170	173	160	162	170	146	148	136	138	133	145	139	129	135	125	113	111	102	96	92	95	100	85	87	91	0	0	0	0	0	0	0	0	0	0	0	0	0	0	0	0	0	0	0	0	0	0	0	0	0	0	0	0	0	0	0	0	0	0	0	0	0	0	0	0	
0	0	0	0	0	0	0	0	0	0	0	0	0	0	0	0	0	0	0	0	0	0	0	1	2	1	2	1	2	2	4	8	10	6	9	13	15	20	29	36	29	24	31	35	32	44	51	57	59	66	51	57	56	53	60	64	57	77	77	82	83	85	93	83	78	93	102	95	92	96	100	106	112	116	112	121	127	121	135	130	135	112	111	135	108	102	101	100	106	93	88	81	85	81	82	71	0	0	0	0	0	0	0	0	0	0	0	0	0	0	0	0	0	0	0	0	0	0	0	0	0	0	0	0	0	0	0	0	0	0	0	0	0	0	0	0	
0	0	0	0	0	0	0	0	0	0	0	0	0	0	0	0	0	0	0	0	0	0	0	0	0	2	2	1	2	0	1	1	1	2	3	2	3	5	3	6	12	14	12	16	18	18	22	21	31	24	28	27	27	34	41	42	44	44	41	39	39	52	57	50	58	55	49	65	56	42	59	60	67	63	69	71	80	82	82	91	88	95	90	84	75	91	69	87	75	62	72	65	59	59	56	57	0	0	0	0	0	0	0	0	0	0	0	0	0	0	0	0	0	0	0	0	0	0	0	0	0	0	0	0	0	0	0	0	0	0	0	0	0	0	0	0	
0	0	0	0	0	0	0	0	0	0	0	0	0	0	0	0	0	0	0	0	0	0	0	0	0	0	0	1	1	1	1	1	1	0	0	0	1	1	1	1	1	2	1	3	2	6	5	8	7	9	10	14	12	10	10	13	17	23	20	23	23	21	21	27	28	29	27	30	29	29	28	27	27	26	28	32	35	43	39	43	46	47	45	52	56	60	54	55	53	53	54	49	47	45	37	31	0	0	0	0	0	0	0	0	0	0	0	0	0	0	0	0	0	0	0	0	0	0	0	0	0	0	0	0	0	0	0	0	0	0	0	0	0	0	0	0	
0	0	0	0	0	0	0	0	0	0	0	0	0	0	0	0	0	0	0	0	0	0	0	0	0	0	0	0	0	0	0	1	0	0	0	0	0	0	0	1	2	2	0	1	3	1	3	1	4	2	3	4	6	10	10	10	9	7	9	10	13	12	18	23	25	18	19	18	14	20	24	18	18	24	21	24	25	18	28	21	24	27	33	25	33	36	39	31	38	37	29	34	38	40	43	36	0	0	0	0	0	0	0	0	0	0	0	0	0	0	0	0	0	0	0	0	0	0	0	0	0	0	0	0	0	0	0	0	0	0	0	0	0	0	0	0	
0	0	0	0	0	0	0	0	0	0	0	0	0	0	0	0	0	0	0	0	0	0	0	0	0	0	0	0	0	0	0	0	0	0	0	0	0	0	0	0	0	0	0	0	0	0	0	0	0	0	0	0	0	0	0	0	0	0	0	0	0	0	0	0	0	0	0	0	0	0	0	0	0	0	0	0	0	0	0	0	0	0	0	0	0	0	0	0	0	0	0	0	0	0	0	0	0	0	0	0	0	0	0	0	0	0	0	0	0	0	0	0	0	0	0	0	0	0	0	0	0	0	0	0	0	0	0	0	0	0	0	0	0	0	0	0	
0	0	0	0	0	0	0	0	0	0	0	0	0	0	0	0	0	0	0	0	0	0	0	0	0	0	0	0	0	0	0	0	0	0	0	0	0	0	0	0	0	0	0	0	0	0	0	0	0	0	0	0	0	0	0	0	0	0	0	0	0	0	0	0	0	0	0	0	0	0	0	0	0	0	0	0	0	0	0	0	0	0	0	0	0	0	0	0	0	0	0	0	0	0	0	0	0	0	0	0	0	0	0	0	0	0	0	0	0	0	0	0	0	0	0	0	0	0	0	0	0	0	0	0	0	0	0	0	0	0	0	0	0	0	0	0	
0	0	0	0	0	0	1	2	5	7	6	5	4	4	6	8	7	8	10	8	15	14	13	11	12	13	12	7	6	7	7	1	4	3	4	3	3	1	5	2	4	1	5	3	3	2	2	6	2	2	0	0	1	6	3	5	4	4	3	3	1	3	1	1	1	1	1	1	0	1	1	2	3	2	1	1	4	2	4	3	2	1	1	2	5	3	1	3	2	4	2	2	1	0	0	1	0	0	0	0	0	0	0	0	0	0	0	0	0	0	0	0	0	0	0	0	0	0	0	0	0	0	0	0	0	0	0	0	0	0	0	0	0	0	0	0	
0	0	0	0	0	12	21	14	24	50	67	107	150	171	216	218	247	243	238	256	302	316	292	298	279	248	279	220	186	167	178	166	150	128	100	94	83	88	79	65	66	65	74	70	69	61	58	74	77	59	51	56	54	68	68	50	43	46	49	64	55	49	52	52	50	52	56	41	39	42	47	39	39	47	47	55	68	75	54	39	48	46	35	50	48	41	42	50	42	48	47	52	60	42	41	49	0	0	0	0	0	0	0	0	0	0	0	0	0	0	0	0	0	0	0	0	0	0	0	0	0	0	0	0	0	0	0	0	0	0	0	0	0	0	0	0	
0	0	0	0	0	8	18	24	42	79	124	182	248	342	397	487	515	615	628	651	671	714	724	729	736	754	661	608	553	499	484	452	385	326	270	215	196	191	174	155	144	149	121	118	123	95	105	101	109	117	124	104	102	111	106	105	128	105	125	111	103	114	95	88	86	95	88	92	85	91	93	81	82	87	84	78	71	90	98	90	88	96	94	84	83	85	87	86	109	99	100	93	89	92	94	106	0	0	0	0	0	0	0	0	0	0	0	0	0	0	0	0	0	0	0	0	0	0	0	0	0	0	0	0	0	0	0	0	0	0	0	0	0	0	0	0	
0	0	0	0	0	8	13	21	29	43	46	95	146	197	295	361	450	513	557	559	664	685	678	674	698	660	613	568	556	478	494	432	391	343	322	266	224	186	169	154	136	128	128	129	122	111	106	102	94	83	99	86	71	69	94	84	77	87	89	95	80	72	95	99	84	88	77	82	73	63	76	79	66	65	60	69	82	76	75	71	71	84	65	73	76	80	78	76	69	80	79	80	72	87	75	77	0	0	0	0	0	0	0	0	0	0	0	0	0	0	0	0	0	0	0	0	0	0	0	0	0	0	0	0	0	0	0	0	0	0	0	0	0	0	0	0	
0	0	0	0	0	7	13	19	18	29	48	63	96	117	148	187	258	309	387	424	455	532	560	537	516	467	442	419	378	336	328	325	297	266	231	234	217	195	190	188	164	168	147	143	116	111	94	96	91	93	85	69	89	77	85	64	56	53	65	63	77	65	57	77	63	62	70	75	65	60	65	59	67	67	55	60	59	62	60	67	71	73	59	66	53	43	47	70	63	62	64	72	61	59	68	62	0	0	0	0	0	0	0	0	0	0	0	0	0	0	0	0	0	0	0	0	0	0	0	0	0	0	0	0	0	0	0	0	0	0	0	0	0	0	0	0	
0	0	0	0	0	4	7	14	13	20	32	39	62	87	122	156	180	200	255	285	320	361	384	391	395	363	305	306	267	238	213	218	191	167	167	181	163	140	141	153	127	137	152	155	154	138	120	95	90	79	84	95	78	77	85	78	77	67	71	83	74	67	74	62	57	48	47	52	73	54	62	55	55	61	60	53	59	67	61	65	52	50	55	43	51	49	56	49	54	50	49	47	45	54	57	75	0	0	0	0	0	0	0	0	0	0	0	0	0	0	0	0	0	0	0	0	0	0	0	0	0	0	0	0	0	0	0	0	0	0	0	0	0	0	0	0	
0	0	0	0	0	1	6	8	10	12	14	23	30	44	61	79	114	140	152	185	214	240	282	290	278	287	229	208	210	220	195	170	151	139	109	124	119	121	119	99	101	108	104	114	102	104	112	119	109	127	112	92	69	74	93	77	80	65	58	64	78	70	64	60	59	63	50	54	64	69	65	51	64	59	68	59	59	52	55	65	60	60	56	48	53	45	47	41	47	48	40	51	53	55	40	47	0	0	0	0	0	0	0	0	0	0	0	0	0	0	0	0	0	0	0	0	0	0	0	0	0	0	0	0	0	0	0	0	0	0	0	0	0	0	0	0	
0	0	0	0	0	2	3	4	6	5	8	17	16	21	25	37	61	86	97	113	135	157	168	208	197	205	186	177	150	130	110	116	104	120	95	105	84	100	88	82	77	84	79	81	82	72	72	80	69	86	97	82	90	91	77	112	87	76	73	62	62	66	74	56	73	60	55	42	46	43	48	50	55	48	50	41	47	44	49	54	60	58	38	50	68	48	52	60	58	46	45	57	48	53	53	45	0	0	0	0	0	0	0	0	0	0	0	0	0	0	0	0	0	0	0	0	0	0	0	0	0	0	0	0	0	0	0	0	0	0	0	0	0	0	0	0	
0	0	0	0	0	0	0	1	1	0	2	3	6	13	10	23	17	24	34	45	63	67	86	102	121	112	135	127	117	112	118	107	86	75	60	64	62	59	59	66	55	74	72	67	54	64	75	60	51	74	70	74	69	77	67	60	65	76	74	76	76	61	70	61	49	57	67	56	60	41	46	53	51	53	48	44	47	50	43	35	48	50	56	46	46	44	34	42	41	51	44	26	54	56	45	40	0	0	0	0	0	0	0	0	0	0	0	0	0	0	0	0	0	0	0	0	0	0	0	0	0	0	0	0	0	0	0	0	0	0	0	0	0	0	0	0	
0	0	0	0	0	0	0	0	0	2	1	3	2	2	3	9	18	25	21	31	27	33	38	40	52	72	70	64	68	61	54	60	57	57	58	68	57	49	43	41	48	49	35	29	42	42	37	46	55	54	48	53	49	57	42	50	48	57	59	48	59	67	68	78	57	65	64	74	57	58	51	43	45	50	58	52	44	47	36	40	35	42	28	39	41	44	47	41	41	44	38	29	31	33	39	35	0	0	0	0	0	0	0	0	0	0	0	0	0	0	0	0	0	0	0	0	0	0	0	0	0	0	0	0	0	0	0	0	0	0	0	0	0	0	0	0	
0	0	0	0	0	0	0	0	0	0	0	1	3	2	3	3	4	4	6	7	10	15	19	22	24	30	32	26	26	22	29	29	32	23	30	39	43	45	38	32	39	45	30	36	28	27	24	30	31	36	31	34	28	33	36	32	36	43	40	51	49	48	51	37	36	43	34	62	56	50	44	56	46	54	48	49	40	34	42	46	34	26	31	28	39	31	34	30	31	33	43	30	31	30	29	39	0	0	0	0	0	0	0	0	0	0	0	0	0	0	0	0	0	0	0	0	0	0	0	0	0	0	0	0	0	0	0	0	0	0	0	0	0	0	0	0	
0	0	0	0	0	0	0	0	0	0	0	0	0	0	1	1	2	4	4	3	4	6	5	5	10	6	12	10	6	11	18	12	12	12	20	18	18	20	13	15	16	20	17	23	19	20	22	23	22	26	24	24	21	20	25	27	30	20	24	23	30	29	27	33	32	45	38	32	44	44	32	37	45	45	45	43	43	31	39	42	42	36	25	28	31	30	34	27	38	29	16	32	31	25	29	24	0	0	0	0	0	0	0	0	0	0	0	0	0	0	0	0	0	0	0	0	0	0	0	0	0	0	0	0	0	0	0	0	0	0	0	0	0	0	0	0	
0	0	0	0	0	0	0	0	0	0	0	0	0	0	0	0	0	0	0	2	3	3	4	4	2	2	3	2	3	6	6	5	3	2	3	7	7	11	10	6	14	14	5	5	7	9	9	6	9	10	21	13	11	11	15	12	12	20	19	20	21	21	23	19	15	24	15	18	24	26	27	27	18	30	30	25	37	35	28	30	29	32	33	29	19	24	26	19	21	22	21	17	23	23	24	14	0	0	0	0	0	0	0	0	0	0	0	0	0	0	0	0	0	0	0	0	0	0	0	0	0	0	0	0	0	0	0	0	0	0	0	0	0	0	0	0	
0	0	0	0	0	0	0	0	0	0	0	0	0	0	0	0	0	0	0	0	0	0	2	2	4	4	3	1	1	0	1	2	0	1	2	2	1	1	2	2	3	3	4	2	3	5	5	4	4	8	6	11	14	9	8	6	8	7	9	12	17	16	16	22	18	14	16	10	15	10	13	12	15	12	15	11	19	19	20	23	17	24	27	26	24	17	19	19	16	16	9	15	19	10	23	21	0	0	0	0	0	0	0	0	0	0	0	0	0	0	0	0	0	0	0	0	0	0	0	0	0	0	0	0	0	0	0	0	0	0	0	0	0	0	0	0	
0	0	0	0	0	0	0	0	0	0	0	0	0	0	0	0	0	0	0	0	0	0	0	0	0	0	1	3	1	0	1	0	0	1	0	0	0	0	0	0	0	1	1	0	0	1	1	2	4	3	3	3	2	6	4	3	6	2	7	8	8	6	8	7	8	3	7	7	9	12	6	6	4	5	5	10	10	11	5	6	10	8	15	10	21	12	20	17	9	11	12	12	7	7	11	14	0	0	0	0	0	0	0	0	0	0	0	0	0	0	0	0	0	0	0	0	0	0	0	0	0	0	0	0	0	0	0	0	0	0	0	0	0	0	0	0	
0	0	0	0	0	0	0	0	0	0	0	0	0	0	0	0	0	0	0	0	0	0	0	0	0	0	0	0	0	0	0	0	0	0	0	0	0	0	1	0	0	0	1	0	0	0	0	0	1	1	2	2	2	1	1	2	1	1	2	1	4	4	2	4	2	12	3	6	4	4	4	3	6	4	8	9	8	7	7	5	3	3	6	5	3	9	11	6	9	8	9	12	10	9	7	11	0	0	0	0	0	0	0	0	0	0	0	0	0	0	0	0	0	0	0	0	0	0	0	0	0	0	0	0	0	0	0	0	0	0	0	0	0	0	0	0	
