4431	4549	4691	4830	4934	5109	5139	5204	5210	5144	4927	4762	4479	4232	4082	4026	3956	3917	3891	3835	3756	3728	3682	3692	3768	3797	3830	3888	3946	3972	4020	4030	4037	4031	4024	4089	4123	4070	4058	4027	3881	3857	3883	3813	3747	3755	3750	3679	3658	3622	3574	3585	3634	3671	3708	3756	3750	3766	3743	3769	3793	3815	3760	3783	3726	3781	3733	3792	3797	3904	3871	3870	3855	3829	3685	3621	3636	3614	3679	3745	3776	3819	3803	3745	3734	3717	3682	3648	3612	3616	3637	3637	3675	3695	3688	3718	0	0	0	0	0	0	0	0	0	0	0	0	0	0	0	0	0	0	0	0	0	0	0	0	0	0	0	0	0	0	0	0	0	0	0	0	0	0	0	0	
3944	4000	4151	4218	4319	4377	4492	4627	4770	4863	5049	5085	5152	5171	5088	4883	4719	4432	4181	4046	3986	3922	3883	3861	3807	3727	3698	3659	3677	3746	3778	3804	3867	3922	3945	3986	3996	4007	4009	4010	4076	4103	4054	4045	4014	3873	3839	3860	3789	3733	3735	3729	3661	3641	3607	3562	3565	3615	3656	3695	3743	3734	3747	3727	3757	3775	3794	3740	3763	3711	3768	3723	3777	3777	3893	3860	3854	3835	3808	3657	3602	3619	3595	3664	3726	3757	3798	3788	3728	3724	3700	3669	3637	3601	3601	3625	0	0	0	0	0	0	0	0	0	0	0	0	0	0	0	0	0	0	0	0	0	0	0	0	0	0	0	0	0	0	0	0	0	0	0	0	0	0	0	0	
3591	3711	3751	3802	3843	3933	3993	4144	4208	4308	4366	4471	4600	4742	4834	5019	5052	5123	5142	5064	4852	4696	4408	4166	4028	3972	3910	3863	3840	3789	3710	3685	3649	3663	3735	3769	3793	3854	3905	3930	3973	3986	3995	4001	4000	4067	4096	4045	4034	4005	3861	3827	3850	3778	3720	3727	3719	3653	3630	3594	3552	3555	3606	3650	3686	3737	3725	3740	3717	3741	3761	3784	3734	3758	3703	3759	3714	3773	3770	3881	3849	3848	3831	3800	3652	3594	3610	3582	3652	3715	3744	3787	3778	3720	3716	3695	0	0	0	0	0	0	0	0	0	0	0	0	0	0	0	0	0	0	0	0	0	0	0	0	0	0	0	0	0	0	0	0	0	0	0	0	0	0	0	0	
3013	3104	3196	3310	3434	3567	3672	3694	3731	3727	3783	3800	3889	3899	3982	3985	4076	4212	4360	4435	4628	4640	4728	4751	4662	4452	4327	4047	3844	3718	3692	3650	3623	3624	3572	3503	3487	3478	3502	3576	3604	3632	3693	3758	3798	3838	3832	3846	3857	3844	3930	3960	3906	3906	3887	3745	3714	3731	3662	3609	3602	3595	3541	3517	3490	3458	3464	3504	3547	3576	3624	3616	3627	3617	3656	3677	3704	3661	3671	3619	3661	3604	3668	3681	3800	3779	3775	3743	3699	3550	3492	3508	3477	3551	3598	3632	0	0	0	0	0	0	0	0	0	0	0	0	0	0	0	0	0	0	0	0	0	0	0	0	0	0	0	0	0	0	0	0	0	0	0	0	0	0	0	0	
2905	2897	2960	2988	3006	2981	3042	3094	3164	3216	3236	3245	3187	3076	2995	2985	2965	3005	2986	3044	3058	3150	3287	3415	3499	3664	3655	3749	3771	3723	3582	3505	3317	3172	3099	3114	3123	3129	3145	3134	3075	3093	3100	3127	3212	3271	3302	3341	3408	3456	3466	3485	3507	3535	3535	3616	3626	3593	3576	3556	3433	3415	3430	3379	3323	3313	3320	3291	3260	3230	3193	3187	3219	3251	3294	3360	3355	3342	3351	3374	3397	3392	3351	3356	3325	3370	3338	3424	3435	3535	3507	3490	3461	3401	3272	3225	0	0	0	0	0	0	0	0	0	0	0	0	0	0	0	0	0	0	0	0	0	0	0	0	0	0	0	0	0	0	0	0	0	0	0	0	0	0	0	0	
2565	2659	2725	2770	2829	2848	2823	2860	2859	2821	2753	2705	2672	2668	2642	2624	2590	2527	2444	2385	2370	2354	2369	2361	2415	2426	2566	2675	2798	2880	3041	3048	3135	3196	3180	3100	3043	2914	2813	2763	2817	2832	2844	2867	2877	2819	2863	2879	2899	2948	2989	3011	3071	3122	3179	3223	3241	3259	3290	3285	3367	3381	3367	3362	3342	3209	3189	3196	3150	3105	3098	3091	3064	3040	3000	2978	2970	3014	3046	3069	3119	3102	3089	3098	3116	3157	3169	3149	3160	3120	3136	3122	3197	3204	3289	3271	0	0	0	0	0	0	0	0	0	0	0	0	0	0	0	0	0	0	0	0	0	0	0	0	0	0	0	0	0	0	0	0	0	0	0	0	0	0	0	0	
2052	2149	2238	2353	2442	2517	2603	2653	2665	2687	2675	2624	2605	2541	2457	2360	2295	2267	2237	2207	2188	2148	2086	2038	2001	1988	1971	2027	2046	2131	2159	2273	2377	2493	2589	2755	2785	2879	2963	2971	2893	2856	2736	2651	2611	2669	2690	2687	2696	2709	2658	2703	2730	2737	2793	2832	2857	2902	2956	2999	3025	3048	3078	3129	3131	3214	3223	3211	3200	3175	3039	3017	3012	2979	2958	2939	2944	2927	2897	2864	2827	2845	2871	2875	2905	2955	2930	2923	2940	2978	3006	3025	2970	2992	2956	2987	0	0	0	0	0	0	0	0	0	0	0	0	0	0	0	0	0	0	0	0	0	0	0	0	0	0	0	0	0	0	0	0	0	0	0	0	0	0	0	0	
1567	1620	1685	1752	1903	2007	2096	2173	2281	2349	2416	2460	2481	2450	2421	2345	2273	2234	2174	2088	1993	1950	1933	1925	1893	1892	1872	1823	1790	1762	1782	1785	1838	1865	1955	1992	2112	2236	2362	2461	2616	2644	2738	2843	2851	2786	2742	2622	2532	2487	2533	2550	2554	2570	2592	2545	2575	2592	2590	2655	2694	2731	2779	2810	2850	2880	2911	2938	2980	2976	3064	3077	3080	3060	3015	2897	2890	2874	2861	2845	2816	2802	2787	2773	2738	2696	2722	2741	2748	2763	2811	2780	2783	2808	2840	2869	0	0	0	0	0	0	0	0	0	0	0	0	0	0	0	0	0	0	0	0	0	0	0	0	0	0	0	0	0	0	0	0	0	0	0	0	0	0	0	0	
1335	1367	1422	1463	1489	1534	1585	1640	1692	1841	1936	2005	2049	2130	2163	2212	2226	2210	2148	2116	2063	1978	1933	1870	1830	1760	1728	1739	1737	1717	1732	1733	1708	1689	1661	1692	1685	1741	1765	1858	1904	2017	2145	2263	2364	2507	2555	2663	2753	2752	2668	2637	2520	2425	2381	2433	2443	2443	2468	2479	2421	2444	2468	2476	2540	2583	2607	2657	2682	2721	2751	2785	2805	2847	2836	2926	2949	2945	2931	2897	2779	2770	2759	2738	2723	2705	2690	2676	2669	2629	2595	2617	2623	2618	2644	2707	0	0	0	0	0	0	0	0	0	0	0	0	0	0	0	0	0	0	0	0	0	0	0	0	0	0	0	0	0	0	0	0	0	0	0	0	0	0	0	0	
1214	1281	1271	1289	1299	1295	1312	1374	1409	1433	1487	1533	1576	1615	1743	1807	1838	1894	1963	1974	1973	1963	1932	1888	1865	1835	1775	1736	1682	1649	1596	1589	1616	1622	1622	1645	1646	1626	1606	1587	1609	1612	1658	1691	1790	1843	1961	2072	2185	2287	2434	2460	2575	2660	2663	2581	2541	2407	2314	2270	2323	2343	2336	2361	2375	2311	2339	2357	2366	2423	2474	2501	2545	2579	2612	2637	2667	2685	2710	2709	2805	2821	2803	2800	2761	2653	2651	2647	2634	2620	2593	2577	2565	2544	2509	2475	0	0	0	0	0	0	0	0	0	0	0	0	0	0	0	0	0	0	0	0	0	0	0	0	0	0	0	0	0	0	0	0	0	0	0	0	0	0	0	0	
1040	1035	1068	1103	1137	1195	1258	1239	1253	1254	1251	1265	1321	1354	1372	1414	1439	1466	1489	1591	1649	1666	1699	1749	1750	1721	1712	1705	1676	1656	1647	1615	1588	1551	1534	1492	1500	1535	1540	1550	1570	1568	1548	1538	1516	1542	1546	1591	1631	1719	1762	1875	1976	2085	2194	2333	2364	2471	2544	2537	2458	2421	2301	2220	2166	2234	2234	2220	2257	2271	2213	2224	2249	2262	2327	2370	2383	2428	2461	2494	2515	2539	2565	2575	2570	2676	2683	2670	2667	2640	2526	2520	2520	2508	2496	2480	0	0	0	0	0	0	0	0	0	0	0	0	0	0	0	0	0	0	0	0	0	0	0	0	0	0	0	0	0	0	0	0	0	0	0	0	0	0	0	0	
896	924	959	1001	1022	1038	1033	1065	1095	1128	1185	1248	1231	1241	1241	1231	1225	1254	1266	1261	1284	1315	1334	1345	1416	1477	1498	1515	1557	1564	1532	1549	1551	1533	1532	1535	1499	1472	1452	1439	1411	1427	1449	1454	1463	1487	1488	1469	1458	1443	1479	1471	1505	1536	1623	1650	1775	1876	1982	2080	2224	2248	2360	2413	2410	2318	2274	2164	2087	2048	2095	2108	2103	2131	2140	2094	2112	2128	2131	2186	2226	2245	2286	2325	2350	2370	2407	2429	2435	2439	2536	2545	2533	2522	2490	2391	0	0	0	0	0	0	0	0	0	0	0	0	0	0	0	0	0	0	0	0	0	0	0	0	0	0	0	0	0	0	0	0	0	0	0	0	0	0	0	0	
699	726	753	802	838	853	883	916	969	993	1000	991	1018	1051	1086	1140	1186	1163	1149	1131	1109	1107	1126	1130	1124	1130	1150	1167	1188	1263	1329	1334	1356	1403	1422	1389	1418	1411	1401	1417	1419	1384	1364	1346	1337	1309	1327	1358	1361	1368	1378	1384	1372	1369	1338	1365	1359	1390	1414	1504	1544	1662	1763	1859	1939	2080	2109	2194	2247	2214	2140	2106	2004	1936	1920	1959	1962	1966	1983	1987	1952	1957	1967	1970	2027	2058	2064	2096	2145	2187	2201	2234	2259	2269	2262	2365	0	0	0	0	0	0	0	0	0	0	0	0	0	0	0	0	0	0	0	0	0	0	0	0	0	0	0	0	0	0	0	0	0	0	0	0	0	0	0	0	
680	693	697	673	663	657	674	702	740	785	804	828	867	909	926	937	915	909	932	949	1004	1038	1017	1002	987	959	956	972	981	974	988	1002	1021	1050	1122	1179	1183	1220	1280	1272	1237	1263	1274	1273	1298	1298	1261	1245	1221	1212	1203	1211	1233	1238	1249	1255	1250	1248	1240	1228	1241	1225	1262	1285	1367	1404	1502	1587	1683	1768	1883	1905	1986	2023	2007	1939	1910	1813	1762	1737	1770	1791	1792	1810	1823	1767	1757	1775	1790	1844	1874	1869	1901	1947	1979	1987	0	0	0	0	0	0	0	0	0	0	0	0	0	0	0	0	0	0	0	0	0	0	0	0	0	0	0	0	0	0	0	0	0	0	0	0	0	0	0	0	
442	498	516	563	588	621	638	633	603	597	603	617	640	676	721	726	743	772	801	802	765	753	744	763	773	814	853	822	819	822	809	815	846	839	836	854	860	864	882	944	1021	1033	1051	1095	1098	1077	1101	1108	1103	1135	1135	1106	1092	1065	1046	1037	1038	1057	1067	1074	1072	1071	1067	1071	1056	1091	1076	1094	1123	1189	1212	1311	1378	1454	1534	1644	1662	1751	1770	1757	1697	1653	1570	1530	1516	1545	1565	1533	1549	1556	1516	1548	1564	1577	1619	1643	0	0	0	0	0	0	0	0	0	0	0	0	0	0	0	0	0	0	0	0	0	0	0	0	0	0	0	0	0	0	0	0	0	0	0	0	0	0	0	0	
140	166	220	254	305	349	385	407	434	453	472	476	476	464	444	455	473	489	522	548	543	564	601	629	629	609	583	573	579	593	625	660	648	642	644	630	641	662	655	646	666	676	688	710	761	818	819	839	868	855	845	865	878	892	919	902	881	863	847	823	825	827	833	837	842	847	846	847	851	852	855	842	865	880	931	947	1013	1077	1136	1207	1291	1312	1397	1414	1414	1354	1319	1247	1211	1183	1210	1226	1222	1240	1257	1202	0	0	0	0	0	0	0	0	0	0	0	0	0	0	0	0	0	0	0	0	0	0	0	0	0	0	0	0	0	0	0	0	0	0	0	0	0	0	0	0	
21	30	40	66	76	87	109	145	173	214	247	272	282	283	295	316	310	311	297	286	304	316	329	362	377	384	404	411	433	432	419	390	390	396	411	421	451	450	459	476	455	467	480	464	451	466	470	476	508	547	571	564	574	593	610	601	617	622	613	643	643	638	635	611	583	573	594	586	588	588	605	586	604	601	593	607	610	598	602	636	638	696	743	788	836	911	890	962	959	965	947	904	852	816	795	830	0	0	0	0	0	0	0	0	0	0	0	0	0	0	0	0	0	0	0	0	0	0	0	0	0	0	0	0	0	0	0	0	0	0	0	0	0	0	0	0	
0	0	1	3	8	16	23	29	42	50	61	70	83	112	139	164	181	188	215	232	255	266	272	252	261	290	307	306	319	329	335	355	373	390	382	383	374	364	371	369	389	404	407	427	439	436	445	437	440	445	449	466	463	478	485	499	519	533	552	563	581	602	596	612	619	608	603	596	597	621	593	621	623	619	644	650	633	628	611	613	627	620	612	626	642	648	676	685	729	734	770	805	845	849	856	848	0	0	0	0	0	0	0	0	0	0	0	0	0	0	0	0	0	0	0	0	0	0	0	0	0	0	0	0	0	0	0	0	0	0	0	0	0	0	0	0	
0	0	0	0	0	0	0	0	0	0	0	0	0	0	0	0	1	5	9	15	26	52	76	118	166	215	245	271	266	272	260	228	235	252	238	254	284	268	253	243	231	214	215	214	206	202	193	204	200	197	191	183	165	152	148	136	142	140	154	156	162	164	177	166	166	166	155	149	154	147	146	147	149	149	148	140	127	125	126	124	124	132	127	121	125	126	117	115	116	115	117	128	129	119	112	112	0	0	0	0	0	0	0	0	0	0	0	0	0	0	0	0	0	0	0	0	0	0	0	0	0	0	0	0	0	0	0	0	0	0	0	0	0	0	0	0	
0	0	0	0	0	0	0	0	0	0	0	0	0	0	0	0	0	0	0	0	0	1	5	9	16	25	47	65	99	135	177	209	225	226	227	224	192	190	202	194	209	235	222	216	209	201	183	179	185	171	164	158	164	155	149	147	140	126	122	116	110	119	115	128	131	137	138	152	142	145	144	134	130	130	122	117	121	124	126	118	118	108	110	113	111	108	113	106	99	106	104	97	96	97	96	97	0	0	0	0	0	0	0	0	0	0	0	0	0	0	0	0	0	0	0	0	0	0	0	0	0	0	0	0	0	0	0	0	0	0	0	0	0	0	0	0	
0	0	0	0	0	0	0	0	0	0	0	0	0	0	0	0	0	0	0	0	0	0	0	0	0	0	2	7	10	15	19	39	52	80	113	147	179	199	196	197	184	151	157	161	159	172	201	194	182	180	169	151	146	152	145	142	137	139	131	132	129	111	101	98	96	88	95	91	99	105	120	122	128	117	128	125	120	114	108	104	96	100	101	105	100	96	89	97	105	99	97	101	91	87	94	87	0	0	0	0	0	0	0	0	0	0	0	0	0	0	0	0	0	0	0	0	0	0	0	0	0	0	0	0	0	0	0	0	0	0	0	0	0	0	0	0	
0	0	0	0	0	0	0	0	0	0	0	0	0	0	0	0	1	0	1	1	5	4	10	15	16	31	49	43	58	67	56	55	72	77	75	78	91	93	120	142	169	194	188	197	193	190	175	188	184	183	192	218	212	189	177	165	147	143	158	139	152	154	152	140	126	120	122	112	114	115	97	107	111	123	118	130	125	119	122	133	124	133	126	111	109	104	108	101	101	98	114	106	107	110	114	118	0	0	0	0	0	0	0	0	0	0	0	0	0	0	0	0	0	0	0	0	0	0	0	0	0	0	0	0	0	0	0	0	0	0	0	0	0	0	0	0	
0	0	0	0	0	0	0	0	0	0	0	0	0	0	0	0	3	3	0	2	12	27	53	85	111	156	242	294	359	389	372	404	453	442	441	407	397	382	353	358	362	341	335	340	354	380	373	400	388	385	386	375	383	376	371	344	385	354	367	357	359	326	331	306	304	296	283	276	260	261	283	276	282	268	273	255	263	263	268	244	256	265	257	289	286	297	277	262	234	245	229	254	258	261	255	270	0	0	0	0	0	0	0	0	0	0	0	0	0	0	0	0	0	0	0	0	0	0	0	0	0	0	0	0	0	0	0	0	0	0	0	0	0	0	0	0	
0	0	0	0	0	0	0	0	0	0	0	0	0	0	0	0	1	6	10	11	21	42	81	117	176	244	375	507	612	684	735	791	921	986	979	933	905	847	756	727	659	608	602	611	577	563	529	502	500	549	547	550	575	566	571	559	537	558	546	530	523	544	506	508	514	482	495	499	469	448	457	452	429	431	448	401	409	411	411	412	409	411	434	442	439	442	432	434	449	443	449	410	381	384	388	404	0	0	0	0	0	0	0	0	0	0	0	0	0	0	0	0	0	0	0	0	0	0	0	0	0	0	0	0	0	0	0	0	0	0	0	0	0	0	0	0	
0	0	0	0	0	0	0	0	0	0	0	0	0	0	0	0	1	2	4	7	12	34	71	96	166	234	369	477	582	644	728	814	914	1032	1089	1147	1165	1207	1187	1174	1128	1055	960	880	845	752	756	697	687	667	623	612	577	593	598	642	639	649	661	637	648	658	648	593	601	593	603	565	569	567	582	550	577	538	506	543	534	488	504	509	483	491	466	474	496	494	513	541	524	510	535	528	537	527	514	513	0	0	0	0	0	0	0	0	0	0	0	0	0	0	0	0	0	0	0	0	0	0	0	0	0	0	0	0	0	0	0	0	0	0	0	0	0	0	0	0	
0	0	0	0	0	0	0	0	0	0	0	0	0	0	0	0	0	1	1	1	15	26	37	65	105	169	302	383	451	499	574	657	759	824	883	933	950	1037	1099	1152	1205	1216	1224	1252	1210	1142	1073	977	895	864	789	727	728	693	675	662	628	612	640	647	653	653	676	695	704	697	689	690	637	640	640	643	622	643	640	627	624	629	612	567	566	577	545	553	563	532	502	536	544	533	520	558	588	579	564	572	0	0	0	0	0	0	0	0	0	0	0	0	0	0	0	0	0	0	0	0	0	0	0	0	0	0	0	0	0	0	0	0	0	0	0	0	0	0	0	0	
0	0	0	0	0	0	0	0	0	0	0	0	0	0	0	0	2	0	2	3	4	21	36	47	91	126	186	251	338	395	438	487	558	594	659	708	774	858	850	879	913	963	984	1050	1154	1175	1186	1227	1210	1174	1107	1061	939	893	837	777	741	728	723	692	658	641	640	641	652	660	685	695	744	742	725	714	695	681	660	667	669	637	650	641	634	622	653	609	573	590	597	538	560	574	546	510	531	562	576	571	0	0	0	0	0	0	0	0	0	0	0	0	0	0	0	0	0	0	0	0	0	0	0	0	0	0	0	0	0	0	0	0	0	0	0	0	0	0	0	0	
0	0	0	0	0	0	0	0	0	0	0	0	0	0	0	0	0	1	2	3	8	11	25	43	53	83	148	204	267	298	301	345	411	440	473	533	545	560	589	670	695	748	784	834	850	891	930	982	1031	1049	1096	1116	1139	1115	1098	1036	989	914	841	798	766	730	721	711	667	652	639	641	645	643	642	645	669	731	711	707	690	683	657	657	681	656	626	653	662	625	592	615	584	552	580	604	562	558	589	559	0	0	0	0	0	0	0	0	0	0	0	0	0	0	0	0	0	0	0	0	0	0	0	0	0	0	0	0	0	0	0	0	0	0	0	0	0	0	0	0	
0	0	0	0	0	0	0	0	0	0	0	0	0	0	0	0	0	0	0	0	0	7	13	18	40	60	114	158	187	209	248	281	320	359	377	370	398	429	448	464	502	530	542	558	641	671	728	753	769	804	833	863	921	945	1015	1028	1050	1046	1065	1029	993	941	863	825	767	724	680	694	675	650	603	613	603	614	628	627	639	648	678	674	679	656	646	650	653	652	645	641	635	630	599	580	602	555	541	590	0	0	0	0	0	0	0	0	0	0	0	0	0	0	0	0	0	0	0	0	0	0	0	0	0	0	0	0	0	0	0	0	0	0	0	0	0	0	0	0	
0	0	0	0	0	0	0	0	0	0	0	0	0	0	0	0	0	0	0	0	0	0	5	13	23	34	58	90	105	147	184	210	241	277	292	299	317	343	356	369	364	380	385	402	439	469	490	496	502	559	611	636	673	690	718	755	781	834	866	904	923	933	962	960	936	909	846	819	752	715	689	639	601	604	575	582	570	561	562	586	613	593	611	633	629	619	624	628	604	603	600	586	590	581	601	563	0	0	0	0	0	0	0	0	0	0	0	0	0	0	0	0	0	0	0	0	0	0	0	0	0	0	0	0	0	0	0	0	0	0	0	0	0	0	0	0	
0	0	0	0	0	0	0	0	0	0	0	0	0	0	0	0	0	0	0	0	0	1	3	4	3	12	25	38	52	81	92	97	140	171	199	200	226	237	257	270	291	296	301	324	329	318	356	376	389	391	422	440	438	444	512	538	586	610	626	630	646	681	707	748	766	798	808	831	831	823	794	758	724	671	624	582	548	564	542	508	506	516	519	517	530	526	560	541	568	566	572	561	531	547	530	553	0	0	0	0	0	0	0	0	0	0	0	0	0	0	0	0	0	0	0	0	0	0	0	0	0	0	0	0	0	0	0	0	0	0	0	0	0	0	0	0	
0	0	0	0	0	0	0	0	0	0	0	0	0	0	0	0	0	0	0	0	0	0	3	4	4	6	14	18	21	25	39	61	73	80	112	121	127	147	172	187	223	225	228	233	241	247	245	271	290	282	285	311	298	325	346	354	359	385	375	403	452	473	484	518	538	543	566	600	619	656	668	714	718	715	675	672	641	609	568	557	521	475	480	457	442	447	420	430	432	459	447	450	470	495	498	485	0	0	0	0	0	0	0	0	0	0	0	0	0	0	0	0	0	0	0	0	0	0	0	0	0	0	0	0	0	0	0	0	0	0	0	0	0	0	0	0	
0	0	0	0	0	0	0	0	0	0	0	0	0	0	0	0	0	0	0	0	0	0	0	0	1	3	4	8	13	22	21	23	31	32	37	47	61	66	72	93	98	115	125	141	148	177	191	192	206	202	219	208	248	248	241	230	253	251	260	270	274	295	283	291	316	348	375	384	410	446	448	458	469	475	493	529	558	575	576	560	548	532	496	462	423	401	374	393	366	356	348	357	367	356	368	393	0	0	0	0	0	0	0	0	0	0	0	0	0	0	0	0	0	0	0	0	0	0	0	0	0	0	0	0	0	0	0	0	0	0	0	0	0	0	0	0	
0	0	0	0	0	0	0	0	0	0	0	0	0	0	0	0	0	0	0	0	0	0	0	0	0	0	1	1	1	3	7	6	7	15	19	19	21	31	26	26	36	45	57	63	77	76	86	100	108	118	122	134	133	147	155	159	158	186	179	177	182	181	188	195	191	191	194	197	216	228	253	265	303	308	325	324	333	358	369	378	418	423	418	427	408	406	392	351	334	325	306	286	278	286	263	256	0	0	0	0	0	0	0	0	0	0	0	0	0	0	0	0	0	0	0	0	0	0	0	0	0	0	0	0	0	0	0	0	0	0	0	0	0	0	0	0	
0	0	0	0	0	0	0	0	0	0	0	0	0	0	0	0	0	0	0	0	0	0	0	0	0	0	0	0	2	2	1	1	1	0	2	4	4	3	8	14	10	17	16	17	12	24	24	32	35	46	59	58	61	59	62	67	83	83	94	106	112	111	122	116	114	126	134	128	135	125	121	130	137	143	140	167	192	193	197	214	218	213	238	254	254	249	275	270	258	270	254	236	213	208	212	204	0	0	0	0	0	0	0	0	0	0	0	0	0	0	0	0	0	0	0	0	0	0	0	0	0	0	0	0	0	0	0	0	0	0	0	0	0	0	0	0	
0	0	0	0	0	0	0	0	0	0	0	0	0	0	0	0	0	0	0	0	0	0	0	0	0	0	0	1	1	2	1	1	0	1	1	0	1	1	1	1	5	5	4	6	10	7	9	10	8	13	15	15	19	29	33	39	38	42	46	51	59	60	60	68	72	82	82	90	102	105	99	102	104	101	116	109	103	119	123	123	119	125	141	152	160	166	169	183	185	213	214	213	221	230	233	217	0	0	0	0	0	0	0	0	0	0	0	0	0	0	0	0	0	0	0	0	0	0	0	0	0	0	0	0	0	0	0	0	0	0	0	0	0	0	0	0	
0	0	0	0	0	0	2	1	6	8	7	18	16	20	31	33	41	47	47	47	42	33	32	19	6	2	3	0	1	1	0	3	1	2	4	0	2	1	0	0	1	1	0	3	0	0	2	0	0	3	2	2	0	0	1	0	1	1	2	0	1	1	1	0	3	0	0	0	0	1	1	0	0	2	0	0	1	1	0	0	0	0	0	0	1	0	1	1	0	1	0	0	0	0	1	0	0	0	0	0	0	0	0	0	0	0	0	0	0	0	0	0	0	0	0	0	0	0	0	0	0	0	0	0	0	0	0	0	0	0	0	0	0	0	0	0	
0	0	0	0	0	0	0	0	0	0	0	0	0	1	1	1	1	0	0	1	1	1	2	2	0	0	0	0	0	0	0	0	0	0	0	0	0	0	0	0	0	0	0	0	0	0	0	0	0	0	0	0	0	0	0	0	0	0	0	0	0	0	0	0	0	0	0	0	0	0	0	0	0	0	0	0	0	0	0	0	0	0	0	0	0	0	0	0	0	0	0	0	0	0	0	0	0	0	0	0	0	0	0	0	0	0	0	0	0	0	0	0	0	0	0	0	0	0	0	0	0	0	0	0	0	0	0	0	0	0	0	0	0	0	0	0	
0	0	0	0	0	0	1	1	3	3	5	11	13	15	18	21	22	18	19	13	17	13	15	8	11	9	8	12	15	12	10	7	5	10	6	4	3	2	6	6	7	3	7	1	3	2	1	2	4	1	4	3	3	1	3	2	2	1	2	6	3	4	4	3	5	3	5	4	2	5	4	1	3	1	2	3	1	0	1	1	1	0	1	0	0	2	2	4	5	1	6	6	7	4	2	1	0	0	0	0	0	0	0	0	0	0	0	0	0	0	0	0	0	0	0	0	0	0	0	0	0	0	0	0	0	0	0	0	0	0	0	0	0	0	0	0	
0	0	0	0	0	9	21	44	56	101	133	176	237	288	305	346	364	368	364	384	376	401	373	361	365	358	310	313	249	234	212	194	163	143	154	142	133	116	105	106	115	112	126	109	100	96	100	97	97	106	91	79	83	80	82	86	83	92	80	78	78	80	68	73	80	73	61	70	64	66	74	72	69	54	56	55	51	59	66	55	73	68	61	57	49	42	44	68	74	83	67	68	79	80	86	75	0	0	0	0	0	0	0	0	0	0	0	0	0	0	0	0	0	0	0	0	0	0	0	0	0	0	0	0	0	0	0	0	0	0	0	0	0	0	0	0	
0	0	0	0	0	7	31	75	122	191	301	393	495	643	745	841	895	990	1060	1085	1087	1090	1069	1047	1029	1020	988	914	868	800	765	657	529	452	396	348	302	282	286	252	224	227	201	205	204	179	193	199	203	195	217	194	192	179	184	199	188	190	175	187	147	153	160	164	158	184	176	140	159	159	130	143	140	156	145	144	136	157	134	174	166	182	192	165	156	145	145	128	149	147	150	147	155	165	148	131	0	0	0	0	0	0	0	0	0	0	0	0	0	0	0	0	0	0	0	0	0	0	0	0	0	0	0	0	0	0	0	0	0	0	0	0	0	0	0	0	
0	0	0	0	0	24	38	52	88	150	198	323	421	534	658	777	877	935	1006	1065	1133	1129	1161	1161	1152	1095	944	886	816	796	799	783	671	585	526	482	436	370	326	290	270	256	236	199	194	194	187	179	199	185	194	210	189	214	192	193	207	197	186	193	185	185	179	170	160	177	145	160	155	151	149	151	146	151	141	148	149	144	140	161	155	162	169	149	164	155	180	155	145	146	166	160	167	156	182	148	0	0	0	0	0	0	0	0	0	0	0	0	0	0	0	0	0	0	0	0	0	0	0	0	0	0	0	0	0	0	0	0	0	0	0	0	0	0	0	0	
0	0	0	0	0	14	22	33	57	84	134	184	256	321	409	473	575	633	740	807	889	924	926	907	856	848	760	681	614	588	564	536	511	447	446	437	434	404	421	352	327	317	290	236	208	216	159	205	195	167	188	160	160	173	186	155	163	177	181	207	212	183	191	194	169	164	167	166	168	170	148	166	176	178	176	162	151	150	145	141	151	134	155	171	160	166	151	142	140	154	148	159	156	152	142	155	0	0	0	0	0	0	0	0	0	0	0	0	0	0	0	0	0	0	0	0	0	0	0	0	0	0	0	0	0	0	0	0	0	0	0	0	0	0	0	0	
0	0	0	0	0	13	18	32	39	55	69	97	134	202	271	359	421	483	520	574	593	627	650	668	677	664	572	501	470	468	463	429	385	344	320	305	339	317	331	334	325	338	358	312	270	275	275	246	202	191	193	203	183	201	174	163	173	168	164	165	165	164	171	205	194	200	194	173	189	170	168	170	153	151	161	159	132	164	129	135	167	165	155	145	135	142	146	123	129	159	177	164	140	140	149	160	0	0	0	0	0	0	0	0	0	0	0	0	0	0	0	0	0	0	0	0	0	0	0	0	0	0	0	0	0	0	0	0	0	0	0	0	0	0	0	0	
0	0	0	0	0	8	8	8	21	29	40	63	98	124	165	194	234	297	357	399	447	472	509	545	484	454	417	364	321	321	333	310	260	250	236	249	232	207	244	248	259	268	297	300	252	266	268	243	253	212	234	224	237	175	197	188	180	180	168	163	183	183	148	153	159	166	151	161	153	159	179	176	174	145	166	158	158	159	157	165	150	138	143	149	139	147	152	152	127	124	128	147	147	139	136	131	0	0	0	0	0	0	0	0	0	0	0	0	0	0	0	0	0	0	0	0	0	0	0	0	0	0	0	0	0	0	0	0	0	0	0	0	0	0	0	0	
0	0	0	0	0	2	8	11	11	12	16	24	38	57	72	100	146	160	201	247	299	338	375	384	385	372	325	325	289	268	254	228	178	184	189	162	183	187	192	163	192	184	213	185	189	187	198	213	216	251	245	239	226	249	202	231	231	208	195	194	162	150	158	142	149	153	153	135	139	155	164	167	168	154	168	171	160	158	154	158	133	159	170	146	139	151	149	150	138	115	133	128	128	139	128	139	0	0	0	0	0	0	0	0	0	0	0	0	0	0	0	0	0	0	0	0	0	0	0	0	0	0	0	0	0	0	0	0	0	0	0	0	0	0	0	0	
0	0	0	0	0	1	2	4	8	9	11	20	27	31	39	53	64	83	102	123	149	179	197	235	273	291	273	238	233	234	199	167	170	152	135	135	132	112	119	134	124	129	140	145	130	141	137	156	177	157	167	185	185	196	174	207	199	224	206	196	196	200	182	146	172	150	155	129	129	126	160	148	133	123	130	139	135	145	160	157	142	162	166	152	151	141	140	134	138	143	137	132	135	134	111	109	0	0	0	0	0	0	0	0	0	0	0	0	0	0	0	0	0	0	0	0	0	0	0	0	0	0	0	0	0	0	0	0	0	0	0	0	0	0	0	0	
0	0	0	0	0	0	0	1	3	4	5	7	8	15	20	28	31	47	54	63	75	88	107	110	113	135	139	135	156	150	156	151	123	102	100	94	87	108	119	95	97	97	96	115	97	102	98	101	112	117	116	129	140	166	152	148	168	162	160	166	191	211	201	199	176	183	190	144	148	143	123	134	154	137	136	126	130	130	131	123	114	128	117	124	134	140	129	124	128	140	145	147	120	129	122	115	0	0	0	0	0	0	0	0	0	0	0	0	0	0	0	0	0	0	0	0	0	0	0	0	0	0	0	0	0	0	0	0	0	0	0	0	0	0	0	0	
0	0	0	0	0	0	0	0	0	1	1	1	2	3	6	11	14	19	28	37	39	46	49	58	63	66	71	83	76	67	77	88	71	69	71	96	91	85	84	81	68	62	94	83	76	86	74	65	78	96	77	70	86	88	88	103	97	107	128	135	135	145	156	146	162	165	184	184	178	161	166	153	130	129	136	130	135	108	107	120	113	104	92	105	103	112	82	114	123	117	116	110	146	105	117	105	0	0	0	0	0	0	0	0	0	0	0	0	0	0	0	0	0	0	0	0	0	0	0	0	0	0	0	0	0	0	0	0	0	0	0	0	0	0	0	0	
0	0	0	0	0	0	0	0	0	0	0	0	1	2	2	1	3	4	4	6	14	19	20	24	36	33	35	38	40	38	33	29	37	33	27	35	44	43	40	56	41	54	50	62	56	52	53	65	62	66	62	60	69	65	70	72	75	67	73	90	81	101	107	112	111	119	125	129	129	125	143	134	143	142	156	131	132	118	118	99	97	104	86	88	81	90	108	98	108	83	90	105	87	99	91	100	0	0	0	0	0	0	0	0	0	0	0	0	0	0	0	0	0	0	0	0	0	0	0	0	0	0	0	0	0	0	0	0	0	0	0	0	0	0	0	0	
0	0	0	0	0	0	0	0	0	0	0	0	0	0	1	3	2	2	4	4	4	4	6	5	7	11	12	13	19	18	16	20	11	13	12	13	14	21	22	25	31	26	34	34	47	35	32	30	31	46	33	45	40	43	46	52	43	53	64	59	57	46	60	58	66	70	85	88	92	75	87	98	107	116	122	126	126	119	118	117	90	81	76	82	104	97	101	83	81	70	69	62	57	75	79	56	0	0	0	0	0	0	0	0	0	0	0	0	0	0	0	0	0	0	0	0	0	0	0	0	0	0	0	0	0	0	0	0	0	0	0	0	0	0	0	0	
0	0	0	0	0	0	0	0	0	0	0	0	0	0	0	0	1	2	1	2	2	2	2	3	2	2	2	3	1	4	4	6	5	6	7	5	12	3	8	6	5	11	10	11	14	20	17	11	16	26	30	27	26	31	28	35	37	31	41	38	31	48	44	47	45	40	45	51	41	53	54	62	50	70	70	73	74	69	68	78	76	90	88	75	76	72	70	80	68	66	63	67	64	50	46	51	0	0	0	0	0	0	0	0	0	0	0	0	0	0	0	0	0	0	0	0	0	0	0	0	0	0	0	0	0	0	0	0	0	0	0	0	0	0	0	0	
0	0	0	0	0	0	0	0	0	0	0	0	0	0	0	0	1	1	1	1	1	1	2	2	1	1	2	2	2	1	1	0	0	1	1	3	3	5	4	3	5	3	1	4	8	3	9	9	11	14	11	10	11	15	24	20	14	15	13	17	18	12	20	26	33	21	24	23	25	28	33	17	22	20	39	33	28	44	43	35	39	44	34	35	42	54	51	50	58	41	48	41	42	39	46	47	0	0	0	0	0	0	0	0	0	0	0	0	0	0	0	0	0	0	0	0	0	0	0	0	0	0	0	0	0	0	0	0	0	0	0	0	0	0	0	0	
0	0	0	0	0	0	0	0	0	0	0	0	0	0	0	0	0	0	0	0	0	1	1	1	0	1	1	0	0	0	0	0	0	0	0	1	0	0	1	1	0	0	1	2	1	3	4	1	3	1	4	7	9	4	7	9	12	7	5	9	8	15	13	12	16	17	14	19	18	19	18	22	17	28	20	13	18	15	22	22	32	27	23	22	29	31	26	24	42	33	45	51	49	45	47	50	0	0	0	0	0	0	0	0	0	0	0	0	0	0	0	0	0	0	0	0	0	0	0	0	0	0	0	0	0	0	0	0	0	0	0	0	0	0	0	0	
0	0	0	0	0	0	0	0	0	0	0	0	0	0	0	0	0	0	0	0	0	0	0	0	0	0	0	0	0	0	0	0	0	0	0	0	0	0	0	0	0	0	0	0	0	0	0	0	0	0	0	0	0	0	0	0	0	0	0	0	0	0	0	0	0	0	0	0	0	0	0	0	0	0	0	0	0	0	0	0	0	0	0	0	0	0	0	0	0	0	0	0	0	0	0	0	0	0	0	0	0	0	0	0	0	0	0	0	0	0	0	0	0	0	0	0	0	0	0	0	0	0	0	0	0	0	0	0	0	0	0	0	0	0	0	0	
0	0	0	0	0	0	0	0	0	0	0	0	0	0	0	0	0	0	0	0	0	0	0	0	0	0	0	0	0	0	0	0	0	0	0	0	0	0	0	0	0	0	0	0	0	0	0	0	0	0	0	0	0	0	0	0	0	0	0	0	0	0	0	0	0	0	0	0	0	0	0	0	0	0	0	0	0	0	0	0	0	0	0	0	0	0	0	0	0	0	0	0	0	0	0	0	0	0	0	0	0	0	0	0	0	0	0	0	0	0	0	0	0	0	0	0	0	0	0	0	0	0	0	0	0	0	0	0	0	0	0	0	0	0	0	0	
32	41	18	26	33	36	38	45	44	42	43	46	56	36	40	48	41	49	31	42	52	48	49	46	44	36	33	29	40	36	30	45	24	16	10	9	11	6	6	5	2	4	8	3	0	4	7	7	5	8	4	4	4	4	4	3	1	0	2	3	3	1	2	3	10	6	2	3	1	2	5	3	6	4	5	6	3	5	1	4	1	1	6	8	6	6	4	6	3	5	3	3	5	5	7	4	0	0	0	0	0	0	0	0	0	0	0	0	0	0	0	0	0	0	0	0	0	0	0	0	0	0	0	0	0	0	0	0	0	0	0	0	0	0	0	0	
253	290	280	299	275	271	344	356	400	362	377	358	354	352	326	329	329	361	371	384	392	398	425	445	420	392	365	378	359	317	337	322	307	307	352	333	318	264	206	132	57	59	51	61	58	58	72	69	75	65	60	50	52	53	63	46	41	37	32	34	31	41	39	47	48	30	33	43	46	42	40	40	42	35	41	51	49	54	50	37	41	40	51	45	54	39	52	45	30	34	36	37	53	41	41	44	0	0	0	0	0	0	0	0	0	0	0	0	0	0	0	0	0	0	0	0	0	0	0	0	0	0	0	0	0	0	0	0	0	0	0	0	0	0	0	0	
356	390	391	355	321	333	347	364	347	433	412	388	399	384	348	331	323	326	354	365	376	397	395	433	461	448	442	424	432	420	392	430	447	382	355	375	413	387	363	360	349	278	243	182	143	82	92	85	88	82	83	65	66	66	66	61	68	62	60	46	60	64	70	50	69	54	50	54	48	49	48	62	72	68	75	63	61	48	55	43	62	69	66	69	75	75	72	65	76	47	53	68	78	76	61	63	0	0	0	0	0	0	0	0	0	0	0	0	0	0	0	0	0	0	0	0	0	0	0	0	0	0	0	0	0	0	0	0	0	0	0	0	0	0	0	0	
228	249	262	222	258	244	245	252	263	234	260	250	233	222	233	206	200	219	215	200	219	223	228	222	229	216	233	239	258	233	283	266	262	250	267	259	260	255	232	222	226	215	221	233	228	159	222	177	140	105	61	47	49	59	55	45	55	42	45	54	49	54	52	58	53	52	60	53	41	35	31	37	46	51	63	45	41	31	43	40	49	53	59	42	43	42	39	46	50	35	43	42	51	52	58	48	0	0	0	0	0	0	0	0	0	0	0	0	0	0	0	0	0	0	0	0	0	0	0	0	0	0	0	0	0	0	0	0	0	0	0	0	0	0	0	0	
149	171	171	184	175	208	215	188	184	169	202	199	195	180	169	158	158	150	161	152	156	147	128	139	149	132	127	122	139	140	144	162	164	173	175	159	197	205	197	180	183	191	187	169	167	113	172	214	213	195	203	164	135	91	84	44	38	25	25	29	28	25	33	35	29	42	41	41	41	37	27	35	30	32	32	33	37	40	38	42	31	31	40	52	54	53	31	39	29	27	38	41	32	28	31	36	0	0	0	0	0	0	0	0	0	0	0	0	0	0	0	0	0	0	0	0	0	0	0	0	0	0	0	0	0	0	0	0	0	0	0	0	0	0	0	0	
98	115	106	109	116	134	156	153	160	156	168	166	174	167	165	162	157	146	131	130	115	111	129	108	106	126	116	114	113	102	98	111	99	89	108	123	136	128	130	153	156	145	161	177	173	112	163	155	155	153	152	162	157	149	147	145	124	122	90	71	23	32	29	33	26	27	27	29	23	25	32	37	37	37	45	41	32	30	38	32	43	29	28	29	28	28	42	42	39	29	35	40	31	33	34	29	0	0	0	0	0	0	0	0	0	0	0	0	0	0	0	0	0	0	0	0	0	0	0	0	0	0	0	0	0	0	0	0	0	0	0	0	0	0	0	0	
83	88	97	88	91	114	111	121	101	118	136	141	139	163	156	139	130	162	127	147	129	141	129	112	113	107	87	96	104	98	92	85	92	98	100	97	109	113	107	111	115	125	118	134	145	80	137	136	139	165	159	134	138	137	155	151	137	150	138	153	142	110	78	70	56	27	31	22	33	34	25	23	17	16	24	17	36	30	32	29	21	26	28	23	36	33	20	24	23	20	20	29	28	28	31	37	0	0	0	0	0	0	0	0	0	0	0	0	0	0	0	0	0	0	0	0	0	0	0	0	0	0	0	0	0	0	0	0	0	0	0	0	0	0	0	0	
82	72	96	83	87	92	88	102	95	91	94	109	110	104	111	118	119	129	130	141	143	152	130	119	128	130	128	101	82	81	96	85	93	91	91	94	92	92	90	99	94	89	81	92	92	60	99	107	137	106	116	123	119	132	135	142	135	147	137	112	127	133	144	133	114	119	102	86	65	45	38	42	33	27	18	15	17	26	26	21	21	28	23	27	26	22	22	25	26	18	26	21	29	33	31	25	0	0	0	0	0	0	0	0	0	0	0	0	0	0	0	0	0	0	0	0	0	0	0	0	0	0	0	0	0	0	0	0	0	0	0	0	0	0	0	0	
61	69	64	61	68	73	75	71	68	75	86	68	76	92	93	82	79	83	77	93	100	103	102	156	125	95	97	105	95	110	123	88	79	75	86	67	81	81	92	82	94	102	105	76	86	79	77	82	83	82	86	87	103	105	104	111	124	106	134	132	114	122	119	112	108	117	105	111	119	107	111	85	79	65	55	26	27	15	24	20	22	23	13	17	28	26	27	23	21	13	17	21	21	26	26	27	0	0	0	0	0	0	0	0	0	0	0	0	0	0	0	0	0	0	0	0	0	0	0	0	0	0	0	0	0	0	0	0	0	0	0	0	0	0	0	0	
56	59	46	65	69	60	66	74	77	63	64	69	64	66	75	72	71	63	78	77	87	74	84	71	79	88	86	80	90	100	89	93	86	82	84	84	74	90	78	76	73	62	76	66	53	62	56	74	79	80	83	68	71	63	89	87	85	92	94	92	102	103	98	116	103	97	124	111	104	113	104	122	110	85	65	90	72	77	55	35	24	29	25	20	16	20	19	20	16	20	22	20	10	11	15	25	0	0	0	0	0	0	0	0	0	0	0	0	0	0	0	0	0	0	0	0	0	0	0	0	0	0	0	0	0	0	0	0	0	0	0	0	0	0	0	0	
23	31	41	40	41	49	54	49	53	54	74	75	61	63	55	72	67	74	66	62	77	69	62	53	59	74	67	59	67	59	87	71	61	70	59	69	65	77	83	87	78	70	63	54	66	72	66	47	53	51	53	60	56	61	61	60	63	63	65	66	56	73	80	72	82	93	90	95	89	89	96	93	73	84	76	74	66	72	69	79	70	46	51	37	25	16	16	15	20	19	18	16	11	19	16	12	0	0	0	0	0	0	0	0	0	0	0	0	0	0	0	0	0	0	0	0	0	0	0	0	0	0	0	0	0	0	0	0	0	0	0	0	0	0	0	0	
35	37	33	31	29	32	29	37	33	37	46	34	45	55	52	41	53	55	56	48	53	47	50	56	61	64	43	36	44	50	51	53	52	52	48	53	44	52	56	60	50	48	63	68	65	66	64	59	41	43	49	35	47	37	46	60	51	45	49	56	56	44	46	51	58	49	48	65	49	54	75	76	71	57	66	71	80	63	72	79	66	68	56	68	59	77	61	40	26	13	18	15	19	15	19	17	0	0	0	0	0	0	0	0	0	0	0	0	0	0	0	0	0	0	0	0	0	0	0	0	0	0	0	0	0	0	0	0	0	0	0	0	0	0	0	0	
16	18	17	22	22	26	37	35	29	38	32	31	28	25	37	37	39	44	39	36	33	35	35	35	32	27	35	37	42	51	35	46	31	43	36	41	36	37	40	37	30	34	50	36	38	41	34	51	52	55	44	41	34	35	41	37	33	36	28	34	34	35	31	35	35	36	36	35	25	28	23	27	32	35	39	49	49	55	60	50	64	55	54	59	63	46	59	57	68	62	61	50	39	25	21	12	0	0	0	0	0	0	0	0	0	0	0	0	0	0	0	0	0	0	0	0	0	0	0	0	0	0	0	0	0	0	0	0	0	0	0	0	0	0	0	0	
3	2	8	11	18	14	14	17	23	24	22	25	19	19	27	31	21	18	19	19	19	14	20	24	29	24	18	25	24	28	33	23	26	19	15	29	24	19	23	23	25	24	23	32	33	31	39	27	37	35	23	29	36	28	29	31	37	32	20	30	26	20	16	18	26	31	33	26	31	23	21	32	22	25	22	33	26	33	25	29	31	38	43	47	48	32	37	35	32	39	30	33	44	48	33	32	0	0	0	0	0	0	0	0	0	0	0	0	0	0	0	0	0	0	0	0	0	0	0	0	0	0	0	0	0	0	0	0	0	0	0	0	0	0	0	0	
1	1	1	2	3	1	4	5	5	4	6	6	6	8	11	12	18	12	10	9	9	6	11	13	15	14	14	16	23	18	17	22	17	14	16	14	17	22	21	22	21	21	19	16	15	21	21	19	17	16	15	12	14	15	21	20	17	20	18	21	18	23	17	16	17	11	23	15	13	22	21	23	23	18	17	12	23	15	14	9	15	22	24	22	22	20	20	26	22	30	19	17	19	23	23	24	0	0	0	0	0	0	0	0	0	0	0	0	0	0	0	0	0	0	0	0	0	0	0	0	0	0	0	0	0	0	0	0	0	0	0	0	0	0	0	0	
0	0	0	0	0	0	0	0	0	0	0	1	1	3	0	3	3	2	5	3	6	6	2	8	10	8	12	14	11	5	15	16	14	13	13	12	15	11	10	14	18	16	22	18	19	18	13	22	23	15	11	20	14	19	22	18	20	17	16	18	19	19	14	15	24	18	12	12	16	13	11	9	15	22	20	16	12	10	11	17	10	13	13	14	14	12	14	13	13	13	19	28	27	19	17	15	0	0	0	0	0	0	0	0	0	0	0	0	0	0	0	0	0	0	0	0	0	0	0	0	0	0	0	0	0	0	0	0	0	0	0	0	0	0	0	0	
0	0	0	0	0	0	0	0	0	0	0	0	0	0	0	0	0	0	0	0	0	0	0	0	0	0	0	0	0	0	0	0	0	0	0	0	0	0	0	0	0	0	0	0	0	0	0	0	0	0	0	0	0	0	0	0	0	0	0	0	0	0	0	0	0	0	0	0	0	0	0	0	0	0	0	0	0	0	0	0	0	0	0	0	0	0	0	0	0	0	0	0	0	0	0	0	0	0	0	0	0	0	0	0	0	0	0	0	0	0	0	0	0	0	0	0	0	0	0	0	0	0	0	0	0	0	0	0	0	0	0	0	0	0	0	0	
0	0	0	0	0	0	0	0	0	0	0	0	0	0	0	0	0	0	0	0	0	0	0	0	0	0	0	0	0	0	0	0	0	0	0	0	0	0	0	0	0	0	0	0	0	0	0	0	0	0	0	0	0	0	0	0	0	0	0	0	0	0	0	0	0	0	0	0	0	0	0	0	0	0	0	0	0	0	0	0	0	0	0	0	0	0	0	0	0	0	0	0	0	0	0	0	0	0	0	0	0	0	0	0	0	0	0	0	0	0	0	0	0	0	0	0	0	0	0	0	0	0	0	0	0	0	0	0	0	0	0	0	0	0	0	0	
0	0	0	0	0	0	0	0	0	0	0	0	0	0	0	0	0	0	0	0	0	0	0	0	0	0	1	1	1	0	1	1	0	0	0	0	1	0	0	0	0	1	2	0	1	0	1	0	0	0	0	0	0	0	1	0	0	0	0	0	0	1	0	2	1	0	0	0	2	1	0	0	0	0	0	0	0	0	0	0	0	0	0	0	0	0	0	0	0	0	0	0	0	0	0	0	0	0	0	0	0	0	0	0	0	0	0	0	0	0	0	0	0	0	0	0	0	0	0	0	0	0	0	0	0	0	0	0	0	0	0	0	0	0	0	0	
0	0	0	0	0	0	0	0	0	0	0	0	0	0	0	0	1	0	0	0	2	0	2	4	4	11	10	16	11	14	17	25	17	24	20	24	21	16	20	10	4	5	3	8	6	7	8	8	3	2	4	2	7	5	3	7	5	3	2	1	1	3	1	2	4	4	2	3	2	3	3	2	5	2	1	3	1	2	0	3	5	7	4	3	2	2	3	3	2	2	3	3	3	6	8	2	0	0	0	0	0	0	0	0	0	0	0	0	0	0	0	0	0	0	0	0	0	0	0	0	0	0	0	0	0	0	0	0	0	0	0	0	0	0	0	0	
0	0	0	0	0	0	0	0	0	0	0	0	0	0	0	0	1	0	0	0	2	4	10	18	29	35	61	69	68	88	82	84	95	88	84	82	87	84	66	69	55	62	44	33	17	15	17	12	17	12	8	10	14	8	13	10	14	13	12	6	8	10	10	7	5	10	12	10	13	6	10	12	12	13	9	9	12	9	8	8	6	4	10	12	13	13	16	12	11	5	10	13	10	7	8	10	0	0	0	0	0	0	0	0	0	0	0	0	0	0	0	0	0	0	0	0	0	0	0	0	0	0	0	0	0	0	0	0	0	0	0	0	0	0	0	0	
0	0	0	0	0	0	0	0	0	0	0	0	0	0	0	0	1	0	0	1	2	6	15	23	20	44	56	88	132	120	137	127	147	153	151	133	138	133	103	93	94	72	81	83	70	53	66	60	46	33	8	18	16	13	6	11	9	17	18	20	15	12	10	13	13	16	8	13	7	8	5	8	11	15	11	11	13	9	11	5	10	13	11	8	7	15	14	14	13	17	13	12	11	18	15	15	0	0	0	0	0	0	0	0	0	0	0	0	0	0	0	0	0	0	0	0	0	0	0	0	0	0	0	0	0	0	0	0	0	0	0	0	0	0	0	0	
0	0	0	0	0	0	0	0	0	0	0	0	0	0	0	0	1	1	2	2	1	5	12	8	21	40	61	78	99	112	118	124	122	149	152	171	146	167	161	152	139	133	107	109	103	58	118	99	98	99	73	68	53	36	30	21	11	12	14	13	19	18	16	18	10	13	13	9	9	6	8	13	16	15	8	3	8	9	10	11	8	11	11	10	9	7	10	16	10	14	15	14	15	14	13	12	0	0	0	0	0	0	0	0	0	0	0	0	0	0	0	0	0	0	0	0	0	0	0	0	0	0	0	0	0	0	0	0	0	0	0	0	0	0	0	0	
0	0	0	0	0	0	0	0	0	0	0	0	0	0	0	0	0	0	0	0	2	3	1	7	21	38	58	66	71	76	87	111	101	98	108	129	144	141	144	161	155	161	162	153	145	70	149	141	132	118	108	93	90	79	83	73	57	45	29	27	19	11	8	9	11	13	14	13	9	11	15	8	9	12	18	15	16	8	14	13	14	8	13	11	11	8	13	10	15	13	11	6	13	14	11	15	0	0	0	0	0	0	0	0	0	0	0	0	0	0	0	0	0	0	0	0	0	0	0	0	0	0	0	0	0	0	0	0	0	0	0	0	0	0	0	0	
0	0	0	0	0	0	0	0	0	0	0	0	0	0	0	0	0	0	0	0	0	7	7	7	13	20	35	41	53	71	74	87	92	80	86	101	98	108	121	121	131	124	119	145	145	97	149	148	135	135	136	119	115	114	105	110	84	83	71	66	65	55	32	27	16	10	10	16	11	12	15	18	18	16	10	17	10	11	11	15	10	13	15	19	17	16	16	11	9	8	11	9	8	15	11	12	0	0	0	0	0	0	0	0	0	0	0	0	0	0	0	0	0	0	0	0	0	0	0	0	0	0	0	0	0	0	0	0	0	0	0	0	0	0	0	0	
0	0	0	0	0	0	0	0	0	0	0	0	0	0	0	0	0	0	0	0	0	1	6	10	12	16	25	34	49	43	45	47	61	62	54	66	67	69	73	82	91	79	91	99	95	66	100	112	128	123	140	124	116	116	104	120	120	104	97	95	84	81	74	89	69	67	48	42	35	28	14	14	12	17	10	12	14	17	10	8	16	13	8	12	10	16	14	12	16	12	11	8	9	9	12	14	0	0	0	0	0	0	0	0	0	0	0	0	0	0	0	0	0	0	0	0	0	0	0	0	0	0	0	0	0	0	0	0	0	0	0	0	0	0	0	0	
0	0	0	0	0	0	0	0	0	0	0	0	0	0	0	0	0	0	0	0	0	0	1	1	2	11	19	29	37	31	38	41	49	62	55	41	46	53	58	69	69	76	65	63	72	70	81	72	77	77	79	92	111	106	111	111	109	91	99	101	109	103	88	86	84	79	70	71	63	60	50	40	35	31	23	12	10	9	11	9	11	17	17	11	10	11	12	14	14	15	13	12	13	9	8	11	0	0	0	0	0	0	0	0	0	0	0	0	0	0	0	0	0	0	0	0	0	0	0	0	0	0	0	0	0	0	0	0	0	0	0	0	0	0	0	0	
0	0	0	0	0	0	0	0	0	0	0	0	0	0	0	0	0	0	0	0	0	0	2	3	3	4	6	12	15	22	32	30	32	34	38	40	46	50	44	40	37	44	44	50	56	66	61	50	58	52	48	55	59	58	61	82	77	72	96	85	81	86	74	87	89	90	86	76	73	69	70	77	54	49	58	50	42	37	26	17	10	8	9	12	9	11	6	8	5	7	9	5	9	9	11	10	0	0	0	0	0	0	0	0	0	0	0	0	0	0	0	0	0	0	0	0	0	0	0	0	0	0	0	0	0	0	0	0	0	0	0	0	0	0	0	0	
0	0	0	0	0	0	0	0	0	0	0	0	0	0	0	0	0	0	0	0	0	0	0	1	1	1	3	8	7	8	12	15	20	17	35	27	31	27	32	31	33	41	32	37	39	37	30	39	44	29	37	36	35	40	43	49	46	52	48	43	50	58	64	60	73	62	71	78	59	68	67	68	69	58	56	43	52	47	46	49	36	32	29	23	17	14	14	10	6	3	6	5	8	8	7	7	0	0	0	0	0	0	0	0	0	0	0	0	0	0	0	0	0	0	0	0	0	0	0	0	0	0	0	0	0	0	0	0	0	0	0	0	0	0	0	0	
0	0	0	0	0	0	0	0	0	0	0	0	0	0	0	0	0	0	0	0	0	0	0	1	1	0	5	3	4	5	2	6	8	8	16	15	18	23	21	20	31	30	22	20	22	21	23	31	30	30	26	35	34	32	29	29	31	36	30	33	34	38	31	33	36	45	43	48	49	45	56	62	46	49	50	54	51	58	52	43	47	34	42	32	35	42	23	21	15	11	12	8	6	11	8	7	0	0	0	0	0	0	0	0	0	0	0	0	0	0	0	0	0	0	0	0	0	0	0	0	0	0	0	0	0	0	0	0	0	0	0	0	0	0	0	0	
0	0	0	0	0	0	0	0	0	0	0	0	0	0	0	0	0	0	0	0	0	0	0	0	0	1	0	0	3	2	5	4	2	1	2	2	7	8	8	10	9	12	18	17	14	20	15	15	17	17	16	24	29	31	30	28	19	20	22	25	15	17	14	12	18	25	21	27	22	25	28	29	35	32	34	36	40	36	45	43	40	43	35	30	20	25	24	23	19	27	22	18	14	7	8	5	0	0	0	0	0	0	0	0	0	0	0	0	0	0	0	0	0	0	0	0	0	0	0	0	0	0	0	0	0	0	0	0	0	0	0	0	0	0	0	0	
0	0	0	0	0	0	0	0	0	0	0	0	0	0	0	0	0	0	0	0	0	0	0	0	0	0	1	1	1	0	1	0	0	3	4	0	0	0	1	0	2	3	5	9	10	8	7	12	13	9	9	8	10	8	5	8	11	17	12	13	13	11	15	15	12	5	11	4	14	11	13	11	12	13	14	18	13	17	23	24	25	20	21	29	32	35	26	23	20	24	18	21	17	15	10	22	0	0	0	0	0	0	0	0	0	0	0	0	0	0	0	0	0	0	0	0	0	0	0	0	0	0	0	0	0	0	0	0	0	0	0	0	0	0	0	0	
0	0	0	0	0	0	0	0	0	0	0	0	0	0	0	0	0	0	0	0	0	0	0	0	0	0	0	0	0	0	0	0	0	0	0	0	0	0	1	0	0	0	0	0	0	2	2	2	6	8	4	5	9	6	6	7	7	4	8	8	9	8	9	6	7	6	6	6	10	4	5	3	5	9	9	8	14	12	7	7	11	12	13	13	15	14	15	13	17	19	9	8	11	10	10	10	0	0	0	0	0	0	0	0	0	0	0	0	0	0	0	0	0	0	0	0	0	0	0	0	0	0	0	0	0	0	0	0	0	0	0	0	0	0	0	0	
0	0	0	0	0	0	0	0	0	0	0	0	0	0	0	0	0	0	0	0	0	0	0	0	0	0	0	0	0	0	0	1	0	0	0	0	0	0	0	0	0	0	0	0	0	0	0	0	0	1	3	2	2	3	4	2	4	3	1	2	1	1	2	4	4	5	5	3	3	5	4	6	5	4	6	8	4	5	2	3	4	4	6	8	5	8	8	7	6	7	7	7	10	7	5	6	0	0	0	0	0	0	0	0	0	0	0	0	0	0	0	0	0	0	0	0	0	0	0	0	0	0	0	0	0	0	0	0	0	0	0	0	0	0	0	0	
0	0	0	0	0	0	0	0	0	0	0	0	0	0	0	0	0	0	0	0	0	0	0	0	0	0	0	0	0	0	0	0	0	0	0	0	0	0	0	0	0	0	0	0	0	0	0	0	0	0	0	0	0	0	0	0	0	0	0	0	0	0	0	0	0	0	0	0	0	0	0	0	0	0	0	0	0	0	0	0	0	0	0	0	0	0	0	0	0	0	0	0	0	0	0	0	0	0	0	0	0	0	0	0	0	0	0	0	0	0	0	0	0	0	0	0	0	0	0	0	0	0	0	0	0	0	0	0	0	0	0	0	0	0	0	0	
0	0	0	0	0	0	0	0	0	0	0	0	0	0	0	0	0	0	0	0	0	0	0	0	0	0	0	0	0	0	0	0	0	0	0	0	0	0	0	0	0	0	0	0	0	0	0	0	0	0	0	0	0	0	0	0	0	0	0	0	0	0	0	0	0	0	0	0	0	0	0	0	0	0	0	0	0	0	0	0	0	0	0	0	0	0	0	0	0	0	0	0	0	0	0	0	0	0	0	0	0	0	0	0	0	0	0	0	0	0	0	0	0	0	0	0	0	0	0	0	0	0	0	0	0	0	0	0	0	0	0	0	0	0	0	0	
0	0	0	0	0	0	0	0	1	1	2	4	5	6	7	10	5	8	7	1	9	6	6	2	5	6	3	4	8	8	4	4	1	4	0	0	0	0	1	1	0	0	1	0	0	0	0	0	0	0	1	0	0	0	1	0	0	0	0	0	0	1	0	1	0	0	0	0	0	1	0	0	0	0	0	0	0	0	1	1	0	0	0	0	0	0	0	0	0	0	0	1	0	0	0	0	0	0	0	0	0	0	0	0	0	0	0	0	0	0	0	0	0	0	0	0	0	0	0	0	0	0	0	0	0	0	0	0	0	0	0	0	0	0	0	0	
0	0	0	0	0	2	4	19	17	40	47	65	81	103	108	125	111	114	114	130	126	147	119	104	98	119	104	111	78	68	65	53	59	51	54	64	44	37	25	17	7	9	13	5	5	3	5	4	6	3	3	2	3	4	12	8	5	4	3	0	2	4	4	6	8	6	7	5	3	4	8	6	3	1	3	4	6	3	3	2	3	1	1	1	1	0	2	2	2	6	2	5	7	8	3	6	0	0	0	0	0	0	0	0	0	0	0	0	0	0	0	0	0	0	0	0	0	0	0	0	0	0	0	0	0	0	0	0	0	0	0	0	0	0	0	0	
0	0	0	0	0	2	9	28	25	53	91	101	122	161	189	205	222	272	272	268	294	284	277	264	247	260	243	244	242	194	203	166	137	117	104	67	69	46	64	49	48	39	25	26	14	5	5	18	9	5	9	9	3	12	9	9	11	11	4	6	3	8	7	5	3	5	7	6	9	10	9	9	4	5	7	8	2	4	6	10	9	6	12	9	11	8	2	7	8	4	9	7	3	10	8	8	0	0	0	0	0	0	0	0	0	0	0	0	0	0	0	0	0	0	0	0	0	0	0	0	0	0	0	0	0	0	0	0	0	0	0	0	0	0	0	0	
0	0	0	0	0	2	7	11	24	29	29	56	79	117	140	164	186	199	206	225	233	257	234	240	233	241	208	214	174	157	165	161	136	103	92	83	71	75	53	44	35	34	43	33	31	30	33	18	15	14	9	5	3	3	6	5	4	9	9	6	6	7	5	5	6	4	6	2	1	3	1	3	3	4	1	3	7	6	4	4	7	7	5	8	9	6	10	8	7	4	5	2	10	2	6	5	0	0	0	0	0	0	0	0	0	0	0	0	0	0	0	0	0	0	0	0	0	0	0	0	0	0	0	0	0	0	0	0	0	0	0	0	0	0	0	0	
0	0	0	0	0	2	1	1	8	15	26	25	51	50	72	84	102	121	155	135	158	193	183	173	168	161	154	133	109	102	96	86	82	66	65	63	62	62	74	50	48	42	37	35	27	31	27	33	34	31	36	20	16	15	14	9	7	2	7	7	7	3	5	5	4	4	5	7	7	5	3	3	3	1	6	5	4	3	3	2	5	6	4	7	4	4	4	3	5	8	3	4	3	1	2	2	0	0	0	0	0	0	0	0	0	0	0	0	0	0	0	0	0	0	0	0	0	0	0	0	0	0	0	0	0	0	0	0	0	0	0	0	0	0	0	0	
0	0	0	0	0	2	4	5	9	14	10	18	24	31	48	65	73	91	107	116	111	114	115	139	134	114	107	93	81	89	84	54	55	54	48	55	48	48	50	55	52	43	42	44	37	32	37	32	33	34	28	36	30	30	22	21	18	13	14	12	3	4	6	5	7	3	2	2	3	4	3	2	7	3	3	8	8	7	1	3	2	4	4	2	2	2	7	8	4	7	6	6	5	4	2	5	0	0	0	0	0	0	0	0	0	0	0	0	0	0	0	0	0	0	0	0	0	0	0	0	0	0	0	0	0	0	0	0	0	0	0	0	0	0	0	0	
0	0	0	0	0	1	1	2	1	6	11	10	20	19	32	31	54	61	72	72	86	81	105	101	112	90	79	72	62	60	63	51	47	39	34	33	37	28	33	45	29	44	35	39	44	28	26	32	36	21	25	35	38	22	26	25	24	26	20	21	21	16	9	6	6	3	4	2	3	1	3	6	6	8	8	4	3	7	6	4	5	6	5	2	5	0	0	0	2	4	2	3	5	6	5	3	0	0	0	0	0	0	0	0	0	0	0	0	0	0	0	0	0	0	0	0	0	0	0	0	0	0	0	0	0	0	0	0	0	0	0	0	0	0	0	0	
0	0	0	0	0	0	1	1	2	3	2	5	5	11	13	16	24	36	44	47	51	63	68	71	84	74	62	68	56	48	51	40	30	30	25	19	22	22	29	33	22	25	22	21	25	13	20	20	19	31	39	24	25	29	25	24	31	22	28	24	22	16	19	11	14	13	13	8	12	9	5	7	5	1	6	4	5	5	4	5	0	3	6	4	1	3	4	1	3	3	3	5	6	9	7	7	0	0	0	0	0	0	0	0	0	0	0	0	0	0	0	0	0	0	0	0	0	0	0	0	0	0	0	0	0	0	0	0	0	0	0	0	0	0	0	0	
0	0	0	0	0	0	0	2	3	1	1	2	1	0	5	9	18	15	21	16	23	32	39	45	45	58	40	33	47	44	41	30	27	24	21	25	21	16	25	20	17	13	23	20	11	10	14	15	14	14	19	16	17	19	13	22	22	20	23	16	19	25	23	22	17	17	22	18	14	11	15	15	15	8	2	4	4	6	4	2	4	3	2	2	2	1	2	1	2	2	1	1	3	3	2	3	0	0	0	0	0	0	0	0	0	0	0	0	0	0	0	0	0	0	0	0	0	0	0	0	0	0	0	0	0	0	0	0	0	0	0	0	0	0	0	0	
0	0	0	0	0	0	0	0	0	1	0	0	1	2	2	4	4	6	6	11	16	15	17	17	13	21	14	23	21	27	35	38	27	26	20	13	12	14	17	11	16	16	14	16	11	17	14	18	19	17	15	12	6	15	15	14	21	18	17	14	13	21	26	29	13	18	13	20	16	16	15	15	19	16	10	11	8	12	6	4	2	2	3	3	3	3	3	0	1	0	1	4	2	3	4	0	0	0	0	0	0	0	0	0	0	0	0	0	0	0	0	0	0	0	0	0	0	0	0	0	0	0	0	0	0	0	0	0	0	0	0	0	0	0	0	0	
0	0	0	0	0	0	0	0	0	0	0	0	0	0	1	1	3	2	4	5	4	6	11	9	9	12	13	8	15	13	9	16	15	19	11	16	12	13	4	12	15	15	9	6	10	11	9	5	7	17	9	9	16	7	7	14	14	15	8	10	16	14	19	21	20	17	15	18	11	10	16	17	14	14	7	8	13	13	10	15	17	12	8	8	5	3	6	4	3	2	2	4	3	0	1	1	0	0	0	0	0	0	0	0	0	0	0	0	0	0	0	0	0	0	0	0	0	0	0	0	0	0	0	0	0	0	0	0	0	0	0	0	0	0	0	0	
0	0	0	0	0	0	0	0	0	0	0	0	0	1	1	0	0	2	1	1	3	5	4	6	6	7	4	1	3	4	6	4	5	6	5	6	4	8	2	4	5	7	6	8	7	5	11	10	4	5	7	3	3	6	12	12	8	8	8	7	5	6	9	9	8	6	12	11	16	13	16	15	13	19	18	12	10	8	18	6	11	15	7	13	8	11	9	7	6	5	2	2	3	2	1	1	0	0	0	0	0	0	0	0	0	0	0	0	0	0	0	0	0	0	0	0	0	0	0	0	0	0	0	0	0	0	0	0	0	0	0	0	0	0	0	0	
0	0	0	0	0	0	0	0	0	0	0	0	0	0	0	1	0	0	1	0	0	0	1	1	2	3	1	2	2	2	2	4	2	1	1	1	1	2	3	7	6	3	4	4	4	5	5	5	5	4	3	4	5	3	4	5	5	3	7	4	2	3	4	1	4	4	6	3	8	7	6	10	7	16	9	7	4	9	6	9	6	6	9	7	7	7	7	7	6	2	3	2	2	1	1	1	0	0	0	0	0	0	0	0	0	0	0	0	0	0	0	0	0	0	0	0	0	0	0	0	0	0	0	0	0	0	0	0	0	0	0	0	0	0	0	0	
0	0	0	0	0	0	0	0	0	0	0	0	0	0	0	0	0	0	1	0	0	0	0	0	1	1	0	0	0	1	0	0	1	1	2	1	0	0	1	0	1	2	0	1	2	1	1	0	2	2	3	4	1	3	4	2	4	1	1	4	1	5	1	1	0	3	1	3	3	5	5	6	4	7	4	6	9	8	3	1	5	7	4	6	4	9	1	7	7	4	2	9	7	6	4	2	0	0	0	0	0	0	0	0	0	0	0	0	0	0	0	0	0	0	0	0	0	0	0	0	0	0	0	0	0	0	0	0	0	0	0	0	0	0	0	0	
0	0	0	0	0	0	0	0	0	0	0	0	0	0	0	0	1	1	1	1	1	0	0	0	0	0	1	2	1	1	1	0	0	0	0	0	0	0	0	0	0	0	0	0	0	0	1	1	1	1	1	1	2	3	4	1	1	1	1	1	1	1	0	1	1	1	2	2	1	1	4	1	1	1	1	3	1	1	2	2	0	3	1	1	3	4	2	0	1	2	3	1	3	2	2	3	0	0	0	0	0	0	0	0	0	0	0	0	0	0	0	0	0	0	0	0	0	0	0	0	0	0	0	0	0	0	0	0	0	0	0	0	0	0	0	0	
0	0	0	0	0	0	0	0	0	0	0	0	0	0	0	0	0	0	0	0	0	0	0	0	0	0	0	0	0	0	0	0	0	0	0	0	0	0	0	0	0	0	1	1	0	0	0	0	0	0	1	1	1	0	1	2	0	0	0	1	1	1	0	1	2	0	2	2	3	1	2	1	1	3	2	0	2	1	0	1	2	4	2	0	2	2	2	2	3	3	3	4	4	5	0	2	0	0	0	0	0	0	0	0	0	0	0	0	0	0	0	0	0	0	0	0	0	0	0	0	0	0	0	0	0	0	0	0	0	0	0	0	0	0	0	0	
0	0	0	0	0	0	0	0	0	0	0	0	0	0	0	0	0	0	0	0	0	0	0	0	0	0	0	0	0	0	0	0	0	0	0	0	0	0	0	0	0	0	0	0	0	0	0	0	0	0	0	0	0	0	0	0	0	0	0	0	0	0	0	0	0	0	0	0	0	0	0	0	0	0	0	0	0	0	0	0	0	0	0	0	0	0	0	0	0	0	0	0	0	0	0	0	0	0	0	0	0	0	0	0	0	0	0	0	0	0	0	0	0	0	0	0	0	0	0	0	0	0	0	0	0	0	0	0	0	0	0	0	0	0	0	0	
0	0	0	0	0	0	0	0	0	0	0	0	0	0	0	0	0	0	0	0	0	0	0	0	0	0	0	0	0	0	0	0	0	0	0	0	0	0	0	0	0	0	0	0	0	0	0	0	0	0	0	0	0	0	0	0	0	0	0	0	0	0	0	0	0	0	0	0	0	0	0	0	0	0	0	0	0	0	0	0	0	0	0	0	0	0	0	0	0	0	0	0	0	0	0	0	0	0	0	0	0	0	0	0	0	0	0	0	0	0	0	0	0	0	0	0	0	0	0	0	0	0	0	0	0	0	0	0	0	0	0	0	0	0	0	0	
0	122	90	107	110	104	116	120	117	134	142	121	137	107	120	117	120	136	128	151	143	146	133	126	113	120	111	113	118	108	100	113	109	89	88	93	96	80	90	87	95	99	100	87	82	93	104	96	91	99	104	96	81	101	97	96	82	82	78	82	81	80	70	85	107	85	84	89	72	74	73	80	101	85	97	88	92	88	84	86	78	83	92	96	97	87	102	87	94	90	78	78	63	88	92	103	0	0	0	0	0	0	0	0	0	0	0	0	0	0	0	0	0	0	0	0	0	0	0	0	0	0	0	0	0	0	0	0	0	0	0	0	0	0	0	0	
0	877	844	831	878	897	943	992	1061	979	998	991	936	963	980	982	986	963	1024	1081	1105	1143	1151	1160	1163	1113	1052	982	970	922	957	905	861	912	922	930	889	820	882	867	769	809	807	847	804	873	923	881	893	887	861	878	877	835	821	884	861	873	844	828	796	783	803	792	775	719	750	756	766	795	787	782	778	825	818	808	827	779	813	780	854	809	812	812	858	821	847	848	851	773	815	811	794	813	803	785	0	0	0	0	0	0	0	0	0	0	0	0	0	0	0	0	0	0	0	0	0	0	0	0	0	0	0	0	0	0	0	0	0	0	0	0	0	0	0	0	
0	1301	1207	1146	1128	1097	1128	1224	1269	1337	1342	1314	1226	1229	1173	1140	1125	1081	1135	1203	1169	1230	1284	1336	1383	1380	1379	1411	1431	1390	1353	1356	1330	1246	1213	1241	1282	1234	1235	1234	1213	1159	1152	1080	1053	1011	1073	1081	1087	1135	1113	1090	1108	1066	1078	1118	1137	1126	1121	1103	1118	1118	1034	1039	1007	1013	1085	1106	1050	1010	1013	1018	1059	1037	1049	1063	1059	1038	1026	1035	1034	1049	1039	1048	1052	1041	1056	1121	1056	1084	1134	1126	1110	1097	1091	1048	0	0	0	0	0	0	0	0	0	0	0	0	0	0	0	0	0	0	0	0	0	0	0	0	0	0	0	0	0	0	0	0	0	0	0	0	0	0	0	0	
0	958	891	879	914	861	878	946	938	926	945	918	848	827	863	812	813	779	727	729	729	754	752	773	771	804	842	904	910	912	993	958	951	992	1020	964	966	919	888	859	855	859	835	883	853	891	871	839	780	753	714	740	755	757	796	791	769	791	795	802	880	843	784	806	814	791	769	767	777	816	708	722	777	754	784	742	720	732	697	794	765	790	780	744	742	748	764	739	745	730	791	758	770	776	854	819	0	0	0	0	0	0	0	0	0	0	0	0	0	0	0	0	0	0	0	0	0	0	0	0	0	0	0	0	0	0	0	0	0	0	0	0	0	0	0	0	
0	666	622	646	649	677	713	729	765	754	763	743	724	704	682	663	609	632	588	563	560	550	542	517	488	509	468	502	498	505	513	578	591	618	627	651	737	693	731	720	691	723	671	709	675	688	704	710	718	734	679	711	652	631	607	591	590	584	620	617	629	608	620	669	638	631	637	637	653	638	604	601	602	592	593	569	577	613	601	537	580	624	599	593	607	607	577	594	580	622	598	594	585	594	586	571	0	0	0	0	0	0	0	0	0	0	0	0	0	0	0	0	0	0	0	0	0	0	0	0	0	0	0	0	0	0	0	0	0	0	0	0	0	0	0	0	
0	505	483	513	511	526	514	544	600	605	647	670	644	655	614	598	636	579	527	512	473	464	491	463	440	451	400	418	430	411	387	404	405	394	405	420	467	490	533	581	613	579	612	657	643	633	616	601	588	598	573	628	615	634	606	607	586	576	534	535	463	501	476	526	497	570	527	519	548	547	567	555	534	554	544	500	506	484	502	490	517	512	537	467	513	531	510	545	511	516	502	482	485	519	495	504	0	0	0	0	0	0	0	0	0	0	0	0	0	0	0	0	0	0	0	0	0	0	0	0	0	0	0	0	0	0	0	0	0	0	0	0	0	0	0	0	
0	373	387	378	394	423	415	404	411	459	497	522	520	557	580	564	570	544	534	545	509	466	467	442	450	400	366	375	346	344	351	349	363	349	351	361	376	366	391	406	420	431	440	458	504	556	509	555	570	598	598	556	540	526	546	545	546	564	544	588	553	489	476	480	440	412	424	430	432	463	485	459	474	473	464	484	534	519	481	501	448	499	477	465	471	478	464	475	486	422	441	446	436	460	455	441	0	0	0	0	0	0	0	0	0	0	0	0	0	0	0	0	0	0	0	0	0	0	0	0	0	0	0	0	0	0	0	0	0	0	0	0	0	0	0	0	
0	316	336	345	315	328	328	364	357	397	390	398	409	417	435	458	447	480	487	488	481	475	452	449	455	469	429	368	359	327	334	323	328	334	314	319	326	293	310	354	339	338	306	339	336	356	362	405	452	473	471	489	488	537	499	562	518	497	491	464	544	516	505	472	497	486	489	457	434	425	381	409	418	419	447	416	420	452	470	428	445	452	471	457	467	452	445	407	425	413	423	429	450	405	379	399	0	0	0	0	0	0	0	0	0	0	0	0	0	0	0	0	0	0	0	0	0	0	0	0	0	0	0	0	0	0	0	0	0	0	0	0	0	0	0	0	
0	235	259	258	262	271	265	279	301	292	315	315	312	351	342	341	357	358	333	380	359	388	386	456	444	359	377	383	362	385	390	346	324	295	296	265	279	312	303	276	304	284	302	285	301	292	293	307	320	315	325	349	365	391	449	409	450	460	506	509	478	468	448	456	445	421	425	454	458	467	461	418	413	408	380	373	370	382	385	382	381	377	379	419	395	407	446	413	392	372	362	367	337	383	388	365	0	0	0	0	0	0	0	0	0	0	0	0	0	0	0	0	0	0	0	0	0	0	0	0	0	0	0	0	0	0	0	0	0	0	0	0	0	0	0	0	
0	227	234	235	233	226	232	230	262	241	275	275	267	259	278	309	294	293	316	297	311	322	292	284	317	342	327	306	346	334	318	343	340	296	307	288	288	316	278	283	288	245	263	285	262	276	250	279	262	273	278	260	258	263	298	304	312	341	366	385	409	404	432	427	449	364	406	378	399	398	397	399	403	403	407	391	377	384	365	328	333	327	340	333	320	371	355	355	308	355	332	359	355	328	325	319	0	0	0	0	0	0	0	0	0	0	0	0	0	0	0	0	0	0	0	0	0	0	0	0	0	0	0	0	0	0	0	0	0	0	0	0	0	0	0	0	
0	143	163	181	184	195	191	215	227	216	228	207	225	223	226	259	256	267	241	237	263	262	230	245	238	243	231	266	253	240	292	254	251	283	283	248	260	289	292	271	264	255	237	230	229	231	223	234	249	244	229	226	225	239	231	223	229	214	244	256	257	275	293	312	309	336	385	374	342	361	369	344	296	365	317	337	335	348	305	319	340	309	335	299	282	264	271	263	274	267	264	295	272	296	292	261	0	0	0	0	0	0	0	0	0	0	0	0	0	0	0	0	0	0	0	0	0	0	0	0	0	0	0	0	0	0	0	0	0	0	0	0	0	0	0	0	
0	132	133	128	127	124	115	118	156	150	161	167	180	188	165	168	186	176	190	195	199	192	192	211	214	212	196	188	216	192	187	197	206	193	214	203	173	203	226	229	220	219	227	220	205	239	225	211	197	195	199	170	192	185	201	205	174	179	193	183	198	180	190	205	229	217	201	233	244	261	291	295	314	295	299	298	293	264	291	269	257	292	285	275	276	278	281	259	232	229	242	218	236	241	248	250	0	0	0	0	0	0	0	0	0	0	0	0	0	0	0	0	0	0	0	0	0	0	0	0	0	0	0	0	0	0	0	0	0	0	0	0	0	0	0	0	
0	84	83	84	94	105	114	122	102	112	109	107	123	123	134	139	138	142	136	143	143	130	136	145	142	133	165	143	145	145	143	153	145	156	140	156	150	142	161	159	162	149	170	190	174	173	183	188	191	195	179	175	162	156	151	160	137	158	138	148	135	140	158	151	136	144	150	156	151	161	147	154	186	188	211	226	220	236	243	227	228	228	216	228	247	225	239	247	236	221	239	227	235	215	178	183	0	0	0	0	0	0	0	0	0	0	0	0	0	0	0	0	0	0	0	0	0	0	0	0	0	0	0	0	0	0	0	0	0	0	0	0	0	0	0	0	
0	24	39	44	43	51	61	60	67	71	74	86	74	69	80	85	77	72	81	89	72	74	90	97	100	105	97	100	96	89	103	106	97	85	93	103	103	116	109	105	99	93	95	107	116	113	128	136	132	119	123	120	138	130	136	117	107	108	108	96	94	89	101	111	111	121	122	109	105	102	95	111	101	105	104	114	124	131	139	156	142	174	179	182	183	171	179	161	162	170	151	146	169	178	157	150	0	0	0	0	0	0	0	0	0	0	0	0	0	0	0	0	0	0	0	0	0	0	0	0	0	0	0	0	0	0	0	0	0	0	0	0	0	0	0	0	
0	5	7	7	12	9	10	18	14	29	36	34	24	35	33	44	62	45	51	46	39	40	49	51	61	51	51	62	77	63	60	67	62	54	52	56	60	70	61	81	71	72	78	63	52	67	75	77	71	69	71	69	82	76	85	82	80	84	89	83	80	87	71	60	63	60	87	75	66	80	73	67	79	79	66	70	82	70	74	64	72	86	86	92	95	96	100	123	111	112	112	98	101	98	84	92	0	0	0	0	0	0	0	0	0	0	0	0	0	0	0	0	0	0	0	0	0	0	0	0	0	0	0	0	0	0	0	0	0	0	0	0	0	0	0	0	
0	0	0	0	1	2	5	3	3	5	3	6	14	14	14	12	23	25	21	24	28	34	33	31	24	36	39	37	37	34	43	44	51	43	37	39	48	54	56	50	50	45	58	56	57	54	55	61	57	60	45	53	50	61	65	64	65	75	76	69	68	76	67	58	67	65	59	60	68	75	73	61	59	67	69	73	69	71	60	65	51	54	58	55	56	50	70	61	59	69	79	102	93	79	87	72	0	0	0	0	0	0	0	0	0	0	0	0	0	0	0	0	0	0	0	0	0	0	0	0	0	0	0	0	0	0	0	0	0	0	0	0	0	0	0	0	
0	0	0	0	0	0	0	0	0	0	0	0	0	0	0	0	0	0	0	0	0	0	0	0	0	0	0	0	0	0	0	0	0	0	0	0	0	0	0	0	0	0	0	0	0	0	0	0	0	0	0	0	0	0	0	0	0	0	0	0	0	0	0	0	0	0	0	0	0	0	0	0	0	0	0	0	0	0	0	0	0	0	0	0	0	0	0	0	0	0	0	0	0	0	0	0	0	0	0	0	0	0	0	0	0	0	0	0	0	0	0	0	0	0	0	0	0	0	0	0	0	0	0	0	0	0	0	0	0	0	0	0	0	0	0	0	
0	0	0	0	0	0	0	0	0	0	0	0	0	0	0	0	0	0	0	0	0	0	0	0	0	0	0	0	0	0	0	0	0	0	0	0	0	0	0	0	0	0	0	0	0	0	0	0	0	0	0	0	0	0	0	0	0	0	0	0	0	0	0	0	0	0	0	0	0	0	0	0	0	0	0	0	0	0	0	0	0	0	0	0	0	0	0	0	0	0	0	0	0	0	0	0	0	0	0	0	0	0	0	0	0	0	0	0	0	0	0	0	0	0	0	0	0	0	0	0	0	0	0	0	0	0	0	0	0	0	0	0	0	0	0	0	
0	0	0	0	0	0	0	0	0	0	0	0	0	0	0	0	0	0	0	0	0	0	0	0	0	0	1	3	2	2	3	2	1	1	2	1	6	4	7	7	6	7	7	4	4	2	7	4	4	4	4	5	10	5	7	4	2	4	5	3	4	5	4	3	4	1	2	2	4	5	4	6	8	5	5	4	3	3	4	3	3	3	3	4	1	1	1	1	3	5	4	4	4	4	3	3	0	0	0	0	0	0	0	0	0	0	0	0	0	0	0	0	0	0	0	0	0	0	0	0	0	0	0	0	0	0	0	0	0	0	0	0	0	0	0	0	
0	0	0	0	0	0	0	0	0	0	0	0	0	0	0	0	1	0	0	0	3	4	7	10	13	24	40	36	40	53	45	49	56	57	53	54	57	50	58	51	55	68	65	69	72	74	61	76	69	69	62	75	63	58	56	55	53	54	64	50	55	60	53	47	44	38	44	36	37	41	37	34	45	52	56	45	32	33	35	41	38	55	50	38	41	32	43	38	44	27	36	34	31	35	43	41	0	0	0	0	0	0	0	0	0	0	0	0	0	0	0	0	0	0	0	0	0	0	0	0	0	0	0	0	0	0	0	0	0	0	0	0	0	0	0	0	
0	0	0	0	0	0	0	0	0	0	0	0	0	0	0	0	3	2	0	0	9	16	32	59	83	107	164	193	233	239	238	253	288	265	276	254	229	242	216	226	198	209	191	173	177	176	174	169	187	157	159	159	170	155	158	157	184	171	177	175	167	154	156	145	144	122	130	140	122	122	129	133	133	128	135	119	130	130	122	110	117	126	121	148	130	146	124	111	113	113	110	118	120	117	120	115	0	0	0	0	0	0	0	0	0	0	0	0	0	0	0	0	0	0	0	0	0	0	0	0	0	0	0	0	0	0	0	0	0	0	0	0	0	0	0	0	
0	0	0	0	0	0	0	0	0	0	0	0	0	0	0	0	1	2	5	4	12	25	50	71	112	141	202	271	373	389	421	403	487	533	481	474	470	435	376	348	330	293	286	296	274	257	250	239	226	213	185	192	198	183	187	185	179	186	173	190	187	203	165	196	193	189	163	171	159	152	154	156	157	161	167	145	149	142	151	167	148	151	145	156	159	162	151	160	166	155	177	147	138	154	142	156	0	0	0	0	0	0	0	0	0	0	0	0	0	0	0	0	0	0	0	0	0	0	0	0	0	0	0	0	0	0	0	0	0	0	0	0	0	0	0	0	
0	0	0	0	0	0	0	0	0	0	0	0	0	0	0	0	1	1	3	4	5	19	39	56	80	134	212	237	293	329	375	394	434	495	514	536	554	542	546	517	501	432	418	378	372	320	333	302	281	310	279	248	210	194	191	210	206	202	206	211	210	208	203	199	213	208	195	178	186	165	199	190	199	177	153	164	173	160	155	156	148	162	161	165	149	165	174	180	163	164	166	159	183	187	176	158	0	0	0	0	0	0	0	0	0	0	0	0	0	0	0	0	0	0	0	0	0	0	0	0	0	0	0	0	0	0	0	0	0	0	0	0	0	0	0	0	
0	0	0	0	0	0	0	0	0	0	0	0	0	0	0	0	0	0	1	1	6	14	17	25	61	93	169	206	231	255	277	320	335	361	395	404	427	447	464	490	512	514	516	512	501	451	447	411	368	351	342	304	305	294	269	267	262	228	227	230	221	204	203	203	204	220	239	221	179	213	212	180	204	208	214	202	189	182	168	185	180	172	175	177	179	181	176	175	168	175	153	150	162	178	157	181	0	0	0	0	0	0	0	0	0	0	0	0	0	0	0	0	0	0	0	0	0	0	0	0	0	0	0	0	0	0	0	0	0	0	0	0	0	0	0	0	
0	0	0	0	0	0	0	0	0	0	0	0	0	0	0	0	1	0	1	1	1	14	20	28	53	70	106	142	184	202	207	230	261	262	282	309	307	340	357	336	373	375	375	457	445	448	473	461	461	439	431	410	411	365	336	317	306	296	304	280	272	243	221	205	207	214	196	212	206	224	204	204	221	212	196	206	201	174	189	173	193	190	218	183	188	198	180	180	188	187	170	165	151	173	175	177	0	0	0	0	0	0	0	0	0	0	0	0	0	0	0	0	0	0	0	0	0	0	0	0	0	0	0	0	0	0	0	0	0	0	0	0	0	0	0	0	
0	0	0	0	0	0	0	0	0	0	0	0	0	0	0	0	0	0	1	2	2	5	16	27	28	51	81	118	147	150	153	173	203	219	193	217	228	217	229	265	272	287	316	347	322	359	352	381	417	403	423	415	422	435	418	416	382	339	331	323	297	298	283	293	251	244	218	240	223	205	211	173	206	218	212	213	200	194	185	186	201	202	179	188	183	174	177	187	170	171	188	169	169	178	190	165	0	0	0	0	0	0	0	0	0	0	0	0	0	0	0	0	0	0	0	0	0	0	0	0	0	0	0	0	0	0	0	0	0	0	0	0	0	0	0	0	
0	0	0	0	0	0	0	0	0	0	0	0	0	0	0	0	0	0	0	0	0	1	4	10	24	32	57	91	105	104	116	132	149	178	186	171	161	176	189	187	194	228	203	199	232	235	276	260	269	296	283	321	346	332	362	340	394	346	349	350	345	351	308	298	274	279	273	278	254	251	203	211	200	209	168	167	166	170	175	178	181	191	180	178	187	185	189	181	193	182	173	164	167	139	151	176	0	0	0	0	0	0	0	0	0	0	0	0	0	0	0	0	0	0	0	0	0	0	0	0	0	0	0	0	0	0	0	0	0	0	0	0	0	0	0	0	
0	0	0	0	0	0	0	0	0	0	0	0	0	0	0	0	0	0	0	0	0	0	3	9	10	16	26	43	53	69	87	88	105	118	122	125	138	143	148	131	127	140	135	150	154	166	166	176	170	184	203	229	219	220	254	262	256	279	284	294	286	289	302	309	308	316	309	289	263	245	248	231	208	222	215	208	194	184	168	144	149	146	160	167	143	171	149	152	148	160	171	146	168	147	146	133	0	0	0	0	0	0	0	0	0	0	0	0	0	0	0	0	0	0	0	0	0	0	0	0	0	0	0	0	0	0	0	0	0	0	0	0	0	0	0	0	
0	0	0	0	0	0	0	0	0	0	0	0	0	0	0	0	0	0	0	0	0	1	1	2	1	5	8	17	23	39	45	44	69	70	86	78	90	91	90	92	111	107	97	121	127	116	119	127	124	119	148	150	137	152	161	163	192	177	187	176	195	195	223	224	242	228	251	250	257	251	244	270	227	218	206	189	189	178	176	190	175	171	142	138	141	118	130	129	140	114	124	112	116	109	126	135	0	0	0	0	0	0	0	0	0	0	0	0	0	0	0	0	0	0	0	0	0	0	0	0	0	0	0	0	0	0	0	0	0	0	0	0	0	0	0	0	
0	0	0	0	0	0	0	0	0	0	0	0	0	0	0	0	0	0	0	0	0	0	1	3	2	0	7	5	8	12	14	22	28	30	40	47	44	59	66	65	86	77	75	68	79	78	88	90	89	105	88	101	94	96	105	102	117	131	123	115	125	141	121	131	168	178	172	181	174	168	182	196	194	201	187	177	162	185	163	152	169	151	162	144	144	153	97	112	99	88	83	99	106	120	97	104	0	0	0	0	0	0	0	0	0	0	0	0	0	0	0	0	0	0	0	0	0	0	0	0	0	0	0	0	0	0	0	0	0	0	0	0	0	0	0	0	
0	0	0	0	0	0	0	0	0	0	0	0	0	0	0	0	0	0	0	0	0	0	0	0	0	2	2	3	7	8	11	9	12	10	11	10	20	23	25	32	30	33	45	46	42	52	57	52	53	62	59	59	75	68	75	68	73	73	67	71	62	75	66	76	80	93	101	96	104	104	112	123	124	133	123	138	148	154	147	151	136	157	142	131	101	101	105	113	82	100	98	98	91	70	79	84	0	0	0	0	0	0	0	0	0	0	0	0	0	0	0	0	0	0	0	0	0	0	0	0	0	0	0	0	0	0	0	0	0	0	0	0	0	0	0	0	
0	0	0	0	0	0	0	0	0	0	0	0	0	0	0	0	0	0	0	0	0	0	0	0	0	0	1	1	1	1	4	2	2	6	9	5	4	12	7	7	11	11	14	19	27	24	23	33	33	33	28	34	40	39	28	32	41	47	44	42	40	47	51	61	55	42	53	44	48	52	54	58	71	69	77	87	87	95	89	89	92	85	108	111	109	99	104	88	81	85	63	68	67	66	61	72	0	0	0	0	0	0	0	0	0	0	0	0	0	0	0	0	0	0	0	0	0	0	0	0	0	0	0	0	0	0	0	0	0	0	0	0	0	0	0	0	
0	0	0	0	0	0	0	0	0	0	0	0	0	0	0	0	0	0	0	0	0	0	0	0	0	0	0	0	0	0	0	0	0	0	0	3	3	1	1	0	1	3	1	2	1	4	3	10	13	21	18	17	18	16	14	16	24	21	31	30	27	29	30	24	30	28	29	31	39	27	28	29	31	37	37	46	52	46	42	40	45	48	57	64	59	56	56	47	55	59	59	52	51	39	49	47	0	0	0	0	0	0	0	0	0	0	0	0	0	0	0	0	0	0	0	0	0	0	0	0	0	0	0	0	0	0	0	0	0	0	0	0	0	0	0	0	
0	0	0	0	0	0	0	0	0	0	0	0	0	0	0	0	0	0	0	0	0	0	0	0	0	0	0	1	1	1	0	1	0	0	0	0	0	0	0	0	1	1	1	1	1	1	1	2	2	6	6	4	6	10	9	9	12	12	11	12	9	9	16	12	12	17	18	18	14	18	15	19	18	18	22	27	19	23	23	21	21	18	23	30	29	34	32	36	31	39	35	34	37	40	38	31	0	0	0	0	0	0	0	0	0	0	0	0	0	0	0	0	0	0	0	0	0	0	0	0	0	0	0	0	0	0	0	0	0	0	0	0	0	0	0	0	
0	0	0	0	0	0	0	0	0	0	0	0	0	0	0	0	0	0	0	0	0	0	0	0	0	0	0	0	0	0	0	0	0	0	0	0	0	0	0	0	0	0	0	0	0	0	0	0	0	0	0	0	0	0	0	0	0	0	0	0	0	0	0	0	0	0	0	0	0	0	0	0	0	0	0	0	0	0	0	0	0	0	0	0	0	0	0	0	0	0	0	0	0	0	0	0	0	0	0	0	0	0	0	0	0	0	0	0	0	0	0	0	0	0	0	0	0	0	0	0	0	0	0	0	0	0	0	0	0	0	0	0	0	0	0	0	
0	0	0	0	0	0	0	0	0	0	0	0	0	0	0	0	0	0	0	0	0	0	0	0	0	0	0	0	0	0	0	0	0	0	0	0	0	0	0	0	0	0	0	0	0	0	0	0	0	0	0	0	0	0	0	0	0	0	0	0	0	0	0	0	0	0	0	0	0	0	0	0	0	0	0	0	0	0	0	0	0	0	0	0	0	0	0	0	0	0	0	0	0	0	0	0	0	0	0	0	0	0	0	0	0	0	0	0	0	0	0	0	0	0	0	0	0	0	0	0	0	0	0	0	0	0	0	0	0	0	0	0	0	0	0	0	
0	0	0	0	0	0	1	1	2	3	4	10	11	14	16	19	17	17	15	9	15	11	13	5	8	9	8	10	15	12	10	7	4	9	5	3	2	1	5	5	3	3	7	1	3	1	1	0	3	1	3	2	0	1	3	0	2	1	2	4	0	2	3	3	4	3	4	4	2	4	3	1	1	0	0	1	0	0	1	1	1	0	1	0	0	1	1	2	3	1	5	5	4	2	2	1	0	0	0	0	0	0	0	0	0	0	0	0	0	0	0	0	0	0	0	0	0	0	0	0	0	0	0	0	0	0	0	0	0	0	0	0	0	0	0	0	
0	0	0	0	0	5	17	38	46	83	104	149	199	232	241	296	297	301	293	324	314	347	309	296	289	289	258	254	211	197	182	155	136	113	130	122	111	98	80	79	83	76	90	65	61	66	71	67	62	69	59	45	49	46	60	53	47	57	52	50	49	50	51	52	58	49	34	40	44	45	56	51	52	38	41	40	33	36	43	39	43	42	40	39	29	23	29	48	50	58	40	47	64	50	48	45	0	0	0	0	0	0	0	0	0	0	0	0	0	0	0	0	0	0	0	0	0	0	0	0	0	0	0	0	0	0	0	0	0	0	0	0	0	0	0	0	
0	0	0	0	0	5	23	55	84	134	220	291	346	444	539	628	651	730	769	775	791	788	772	758	742	728	720	666	621	577	568	480	368	332	267	226	203	194	194	175	148	142	124	128	119	102	107	119	110	114	112	109	102	99	101	113	107	96	95	104	83	94	92	89	84	94	109	74	82	87	66	84	79	92	86	79	81	94	70	108	103	98	112	88	91	81	64	62	88	87	83	89	80	80	91	72	0	0	0	0	0	0	0	0	0	0	0	0	0	0	0	0	0	0	0	0	0	0	0	0	0	0	0	0	0	0	0	0	0	0	0	0	0	0	0	0	
0	0	0	0	0	12	21	30	53	86	121	184	249	349	444	507	559	616	624	663	711	766	763	780	734	706	593	577	503	487	496	490	410	347	307	262	256	217	166	159	141	141	136	118	125	122	102	92	99	89	90	97	74	89	72	75	84	86	86	103	93	82	78	71	71	63	69	59	62	64	69	68	69	71	65	70	62	59	61	60	72	85	76	73	83	71	81	65	63	76	78	65	73	66	79	69	0	0	0	0	0	0	0	0	0	0	0	0	0	0	0	0	0	0	0	0	0	0	0	0	0	0	0	0	0	0	0	0	0	0	0	0	0	0	0	0	
0	0	0	0	0	7	9	17	29	51	82	108	158	199	257	285	345	374	454	475	534	568	546	558	523	501	460	420	369	326	312	301	266	225	249	234	210	191	215	179	160	151	148	117	106	113	81	83	101	97	100	74	67	91	83	58	59	64	73	73	84	71	92	80	70	70	72	63	63	70	57	70	84	77	74	60	56	58	66	53	63	58	52	61	72	67	60	63	64	68	66	55	65	64	64	67	0	0	0	0	0	0	0	0	0	0	0	0	0	0	0	0	0	0	0	0	0	0	0	0	0	0	0	0	0	0	0	0	0	0	0	0	0	0	0	0	
0	0	0	0	0	4	11	19	25	34	34	51	80	116	158	203	262	305	323	352	348	361	391	412	391	390	331	283	258	273	259	223	203	193	165	149	159	148	149	154	159	149	155	147	116	130	126	122	107	104	83	98	90	97	78	73	70	75	69	74	62	58	66	85	72	68	60	61	67	64	64	73	63	56	61	61	59	60	48	42	54	56	54	54	52	60	56	68	59	60	65	62	57	55	64	64	0	0	0	0	0	0	0	0	0	0	0	0	0	0	0	0	0	0	0	0	0	0	0	0	0	0	0	0	0	0	0	0	0	0	0	0	0	0	0	0	
0	0	0	0	0	2	6	5	10	19	28	36	64	73	99	115	151	184	217	232	266	299	336	333	297	272	253	223	188	194	195	174	136	128	108	107	104	95	109	125	112	130	134	142	117	114	90	104	106	92	90	102	111	82	94	97	91	103	74	82	76	79	62	63	50	64	67	60	54	47	63	65	66	53	72	64	71	61	61	59	57	53	53	56	54	43	51	56	49	44	48	63	64	54	48	56	0	0	0	0	0	0	0	0	0	0	0	0	0	0	0	0	0	0	0	0	0	0	0	0	0	0	0	0	0	0	0	0	0	0	0	0	0	0	0	0	
0	0	0	0	0	2	4	6	4	7	6	12	19	33	41	56	80	91	115	150	186	191	219	234	244	223	201	197	157	147	141	125	92	100	98	79	89	87	89	76	76	74	70	72	88	76	76	92	84	108	118	107	83	97	89	94	107	81	94	85	67	58	75	59	62	65	55	52	58	55	53	51	59	57	58	62	64	58	52	45	41	56	66	61	47	57	54	50	34	41	34	57	47	51	45	61	0	0	0	0	0	0	0	0	0	0	0	0	0	0	0	0	0	0	0	0	0	0	0	0	0	0	0	0	0	0	0	0	0	0	0	0	0	0	0	0	
0	0	0	0	0	0	2	4	7	6	5	10	9	16	24	31	43	45	65	67	77	99	114	139	150	162	150	128	137	136	117	87	95	82	69	66	60	48	60	64	55	57	60	61	47	59	61	60	68	66	71	63	79	83	69	88	76	85	78	64	68	82	82	63	84	56	63	62	58	50	79	64	56	39	52	43	52	53	60	51	49	42	50	53	46	43	47	48	41	59	48	45	49	59	40	43	0	0	0	0	0	0	0	0	0	0	0	0	0	0	0	0	0	0	0	0	0	0	0	0	0	0	0	0	0	0	0	0	0	0	0	0	0	0	0	0	
0	0	0	0	0	0	0	1	2	3	4	4	5	10	11	13	19	26	37	33	45	49	61	65	48	71	70	69	86	79	90	88	67	61	46	45	35	47	56	44	48	49	48	45	33	40	40	42	42	51	45	49	43	56	52	57	62	64	60	65	64	76	74	72	64	76	71	58	59	62	48	60	63	57	46	53	51	52	51	40	33	42	30	34	45	33	37	39	31	42	39	52	40	40	43	39	0	0	0	0	0	0	0	0	0	0	0	0	0	0	0	0	0	0	0	0	0	0	0	0	0	0	0	0	0	0	0	0	0	0	0	0	0	0	0	0	
0	0	0	0	0	0	0	0	0	1	0	0	1	1	4	5	9	9	15	21	20	25	28	26	34	41	41	38	38	37	34	45	33	33	35	42	44	44	30	42	34	32	43	35	34	36	29	23	28	36	30	22	43	33	26	31	42	37	41	46	53	47	62	50	63	68	74	68	61	72	70	60	46	46	45	35	51	41	36	53	46	42	31	41	36	33	25	35	31	35	40	32	41	33	40	26	0	0	0	0	0	0	0	0	0	0	0	0	0	0	0	0	0	0	0	0	0	0	0	0	0	0	0	0	0	0	0	0	0	0	0	0	0	0	0	0	
0	0	0	0	0	0	0	0	0	0	0	0	0	1	1	1	1	3	2	3	10	12	11	14	20	21	18	14	13	15	13	14	12	14	14	17	18	17	15	19	10	21	25	28	21	11	18	27	19	20	22	18	26	22	24	27	26	22	24	34	22	28	35	42	35	27	40	38	42	41	51	56	44	47	59	43	41	43	52	43	39	41	36	33	31	32	35	34	31	23	13	17	22	28	26	22	0	0	0	0	0	0	0	0	0	0	0	0	0	0	0	0	0	0	0	0	0	0	0	0	0	0	0	0	0	0	0	0	0	0	0	0	0	0	0	0	
0	0	0	0	0	0	0	0	0	0	0	0	0	0	1	3	1	2	4	1	1	0	1	3	4	7	5	5	9	7	8	11	6	2	7	4	5	7	10	11	9	4	12	13	10	14	13	8	11	16	9	9	20	13	17	18	20	21	20	18	21	14	23	20	22	25	28	22	25	18	24	35	26	37	35	33	29	28	30	28	36	29	28	16	33	33	32	25	28	18	26	13	19	21	19	8	0	0	0	0	0	0	0	0	0	0	0	0	0	0	0	0	0	0	0	0	0	0	0	0	0	0	0	0	0	0	0	0	0	0	0	0	0	0	0	0	
0	0	0	0	0	0	0	0	0	0	0	0	0	0	0	0	0	1	1	0	1	0	0	2	2	2	2	2	0	1	2	2	2	5	5	2	6	1	3	1	2	4	4	3	6	7	3	4	4	9	10	9	7	9	10	11	11	8	17	11	6	12	12	12	11	9	10	12	12	18	22	20	15	23	25	22	23	20	15	17	20	27	26	25	21	22	13	18	25	18	13	27	15	22	21	12	0	0	0	0	0	0	0	0	0	0	0	0	0	0	0	0	0	0	0	0	0	0	0	0	0	0	0	0	0	0	0	0	0	0	0	0	0	0	0	0	
0	0	0	0	0	0	0	0	0	0	0	0	0	0	0	0	1	1	1	1	1	1	0	0	1	0	1	2	1	1	1	0	0	1	1	1	0	3	2	1	0	1	0	1	3	2	2	2	5	4	3	3	4	5	13	5	4	6	4	5	8	2	5	8	8	5	6	4	7	7	11	5	5	8	12	8	9	8	12	6	10	14	10	8	12	14	10	12	15	9	13	10	12	11	7	17	0	0	0	0	0	0	0	0	0	0	0	0	0	0	0	0	0	0	0	0	0	0	0	0	0	0	0	0	0	0	0	0	0	0	0	0	0	0	0	0	
0	0	0	0	0	0	0	0	0	0	0	0	0	0	0	0	0	0	0	0	0	1	0	0	0	1	1	0	0	0	0	0	0	0	0	0	0	0	1	1	0	0	1	1	0	0	1	0	1	0	1	3	4	1	4	3	3	2	2	3	1	6	3	4	5	1	5	3	4	4	5	7	4	6	2	2	5	2	6	2	7	10	6	3	8	10	8	6	11	10	11	12	13	13	13	16	0	0	0	0	0	0	0	0	0	0	0	0	0	0	0	0	0	0	0	0	0	0	0	0	0	0	0	0	0	0	0	0	0	0	0	0	0	0	0	0	
