14809	15267	15632	16001	16225	16691	16913	17152	17176	17167	16638	15999	15192	14527	13863	13626	13461	13394	13209	13158	12918	12791	12598	12667	12683	12682	12705	12851	12883	13028	13116	13187	13238	13338	13271	13471	13514	13469	13358	13313	13051	12969	12879	12795	12744	12770	12700	12671	12556	12431	12406	12407	12476	12540	12614	12512	12632	12594	12639	12763	12845	12763	12794	12839	12748	12734	12710	12619	12557	12509	12635	12681	12603	12491	12484	12297	12229	12315	12393	12320	12441	12496	12480	12368	12458	12444	12404	12433	12529	12543	12489	12413	12361	12275	12234	12277	0	0	0	0	0	0	0	0	0	0	0	0	0	0	0	0	0	0	0	0	0	0	0	0	0	0	0	0	0	0	0	0	0	0	0	0	0	0	0	0	
13119	13327	13735	13988	14362	14626	15072	15443	15809	16046	16519	16750	16987	17019	16995	16479	15860	15047	14409	13753	13511	13352	13287	13105	13053	12821	12698	12512	12599	12597	12608	12621	12784	12806	12946	13013	13098	13149	13257	13210	13426	13467	13423	13315	13256	13008	12915	12830	12742	12702	12712	12629	12606	12500	12375	12354	12359	12425	12495	12553	12450	12571	12546	12579	12724	12804	12715	12726	12787	12692	12679	12651	12565	12502	12463	12584	12625	12552	12438	12439	12249	12184	12266	12341	12259	12377	12439	12415	12309	12411	12387	12359	12380	12474	12471	12429	0	0	0	0	0	0	0	0	0	0	0	0	0	0	0	0	0	0	0	0	0	0	0	0	0	0	0	0	0	0	0	0	0	0	0	0	0	0	0	0	
11676	11968	12174	12572	12821	13090	13300	13700	13943	14310	14564	14999	15368	15726	15956	16421	16641	16887	16930	16906	16395	15773	14976	14338	13689	13448	13282	13206	13038	12992	12762	12643	12461	12539	12545	12568	12584	12739	12763	12906	12980	13070	13113	13224	13175	13390	13437	13391	13280	13228	12978	12884	12801	12713	12662	12676	12603	12582	12474	12351	12330	12326	12393	12465	12528	12421	12534	12516	12553	12691	12774	12678	12694	12762	12667	12653	12628	12543	12469	12432	12552	12597	12529	12415	12414	12228	12161	12239	12317	12229	12348	12415	12390	12277	12385	12363	0	0	0	0	0	0	0	0	0	0	0	0	0	0	0	0	0	0	0	0	0	0	0	0	0	0	0	0	0	0	0	0	0	0	0	0	0	0	0	0	
10151	10421	10650	10892	11241	11597	11869	12030	12381	12526	12630	12680	12924	12990	13278	13354	13709	14044	14414	14641	15048	15247	15514	15566	15524	15072	14534	13803	13250	12660	12452	12352	12316	12227	12199	12017	11947	11836	11936	11986	12043	12119	12282	12319	12452	12520	12594	12644	12751	12738	12978	13031	13012	12909	12841	12595	12499	12415	12326	12315	12324	12271	12261	12155	12030	12018	12024	12084	12130	12198	12087	12208	12150	12212	12372	12438	12358	12376	12460	12314	12288	12245	12181	12106	12087	12203	12243	12203	12083	12092	11897	11835	11928	11970	11892	12000	0	0	0	0	0	0	0	0	0	0	0	0	0	0	0	0	0	0	0	0	0	0	0	0	0	0	0	0	0	0	0	0	0	0	0	0	0	0	0	0	
9597	9674	9901	9949	10032	10029	10244	10361	10499	10641	10718	10662	10522	10404	10135	10012	9906	9984	10005	10233	10327	10610	10916	11206	11419	11845	12009	12276	12400	12437	12169	11805	11232	10841	10501	10450	10517	10576	10591	10678	10591	10608	10589	10745	10816	10901	10934	11105	11171	11326	11362	11456	11559	11702	11681	11898	11913	11910	11815	11724	11497	11426	11381	11390	11375	11355	11323	11296	11168	11069	11062	11036	11147	11194	11246	11170	11281	11255	11304	11456	11548	11432	11371	11404	11258	11233	11238	11205	11135	11134	11279	11303	11238	11149	11172	10999	0	0	0	0	0	0	0	0	0	0	0	0	0	0	0	0	0	0	0	0	0	0	0	0	0	0	0	0	0	0	0	0	0	0	0	0	0	0	0	0	
8341	8622	8802	9070	9274	9421	9460	9638	9580	9522	9377	9304	9117	8962	8815	8726	8515	8307	8192	8031	7943	7872	7934	7935	8136	8162	8524	8827	9150	9409	9804	10022	10337	10520	10621	10440	10201	9842	9612	9365	9437	9527	9645	9699	9821	9747	9791	9736	9888	9935	10038	10093	10265	10336	10463	10533	10613	10668	10787	10812	11029	11058	11051	10958	10907	10712	10644	10606	10593	10565	10530	10504	10473	10408	10310	10308	10288	10407	10478	10501	10388	10489	10453	10492	10655	10715	10587	10549	10589	10450	10424	10469	10441	10375	10359	10524	0	0	0	0	0	0	0	0	0	0	0	0	0	0	0	0	0	0	0	0	0	0	0	0	0	0	0	0	0	0	0	0	0	0	0	0	0	0	0	0	
6816	7129	7450	7769	7989	8188	8444	8577	8769	8881	8947	8826	8815	8550	8328	8081	7861	7654	7486	7323	7280	7124	6981	6955	6788	6737	6695	6830	6892	7113	7217	7556	7895	8247	8526	8923	9171	9520	9745	9914	9778	9594	9254	9065	8827	8923	9032	9154	9177	9297	9217	9252	9235	9384	9425	9513	9563	9723	9773	9879	9956	10032	10082	10190	10215	10435	10502	10509	10412	10349	10157	10096	10052	10041	10027	10018	9985	9961	9859	9763	9798	9785	9885	9956	9962	9850	9972	9958	9977	10107	10165	10018	9971	10014	9875	9876	0	0	0	0	0	0	0	0	0	0	0	0	0	0	0	0	0	0	0	0	0	0	0	0	0	0	0	0	0	0	0	0	0	0	0	0	0	0	0	0	
5314	5562	5800	6048	6412	6690	6986	7270	7560	7710	7858	8003	8034	8074	8053	7950	7767	7688	7412	7144	6895	6694	6541	6426	6342	6345	6258	6151	6169	6062	6080	6086	6210	6302	6561	6698	7068	7454	7805	8085	8501	8756	9095	9326	9516	9392	9194	8866	8673	8448	8527	8639	8729	8753	8881	8821	8849	8834	8982	9015	9087	9113	9294	9330	9451	9491	9558	9606	9754	9769	9968	10008	10013	9904	9842	9688	9646	9577	9595	9601	9570	9534	9513	9441	9352	9376	9366	9444	9508	9527	9436	9539	9523	9554	9706	9696	0	0	0	0	0	0	0	0	0	0	0	0	0	0	0	0	0	0	0	0	0	0	0	0	0	0	0	0	0	0	0	0	0	0	0	0	0	0	0	0	
4480	4537	4686	4827	5024	5198	5441	5653	5868	6211	6471	6704	6924	7113	7167	7219	7265	7183	7137	7112	7008	6833	6720	6474	6298	6079	5954	5867	5787	5797	5853	5781	5719	5751	5673	5723	5754	5906	6022	6289	6447	6810	7161	7494	7791	8184	8445	8814	9021	9173	9050	8856	8558	8370	8131	8200	8303	8358	8383	8524	8453	8492	8481	8603	8609	8702	8756	8868	8869	9024	9083	9164	9191	9372	9382	9549	9571	9581	9474	9430	9247	9217	9149	9161	9156	9147	9115	9119	9022	8927	8958	8946	9036	9099	9108	9053	0	0	0	0	0	0	0	0	0	0	0	0	0	0	0	0	0	0	0	0	0	0	0	0	0	0	0	0	0	0	0	0	0	0	0	0	0	0	0	0	
4195	4337	4323	4334	4329	4340	4365	4533	4657	4840	5016	5236	5415	5573	5845	6022	6164	6342	6485	6471	6449	6440	6368	6353	6312	6260	6128	6055	5877	5727	5546	5502	5455	5418	5446	5545	5502	5456	5492	5439	5469	5512	5674	5807	6056	6212	6561	6892	7219	7515	7878	8105	8476	8692	8850	8725	8537	8234	8054	7805	7897	7967	8021	8035	8182	8095	8120	8119	8236	8218	8317	8375	8491	8478	8655	8744	8826	8861	9012	9008	9160	9153	9157	9061	9009	8854	8807	8741	8753	8747	8742	8731	8733	8621	8550	8566	0	0	0	0	0	0	0	0	0	0	0	0	0	0	0	0	0	0	0	0	0	0	0	0	0	0	0	0	0	0	0	0	0	0	0	0	0	0	0	0	
3559	3615	3694	3848	3956	4119	4244	4218	4224	4210	4216	4248	4389	4501	4652	4797	4938	5015	5113	5338	5483	5592	5696	5804	5781	5728	5743	5714	5710	5693	5688	5592	5544	5416	5326	5194	5188	5160	5148	5199	5287	5248	5212	5254	5192	5234	5280	5450	5588	5812	5963	6299	6604	6906	7182	7559	7798	8127	8323	8468	8347	8181	7891	7684	7432	7539	7600	7639	7672	7794	7700	7742	7742	7834	7821	7912	7977	8083	8084	8253	8335	8442	8446	8583	8590	8756	8748	8765	8666	8580	8436	8390	8321	8357	8370	8342	0	0	0	0	0	0	0	0	0	0	0	0	0	0	0	0	0	0	0	0	0	0	0	0	0	0	0	0	0	0	0	0	0	0	0	0	0	0	0	0	
3045	3180	3327	3378	3501	3556	3610	3685	3835	3941	4100	4216	4189	4183	4159	4163	4118	4186	4203	4274	4339	4481	4557	4632	4817	4936	5005	5111	5223	5196	5166	5217	5228	5236	5251	5267	5187	5167	5067	4995	4909	4912	4879	4865	4908	4999	4997	4926	4969	4926	4995	5020	5185	5309	5525	5658	5982	6282	6555	6828	7188	7399	7728	7911	8036	7916	7735	7429	7226	7006	7130	7206	7259	7271	7378	7267	7279	7307	7390	7389	7489	7535	7652	7656	7791	7880	7959	7992	8134	8163	8309	8329	8313	8192	8121	7986	0	0	0	0	0	0	0	0	0	0	0	0	0	0	0	0	0	0	0	0	0	0	0	0	0	0	0	0	0	0	0	0	0	0	0	0	0	0	0	0	
2312	2362	2462	2655	2785	2917	3041	3177	3232	3362	3409	3447	3518	3658	3750	3893	3987	3956	3914	3818	3741	3681	3709	3713	3783	3855	3992	4049	4130	4327	4434	4495	4616	4725	4700	4692	4761	4760	4787	4847	4870	4807	4797	4719	4643	4555	4551	4557	4530	4571	4640	4638	4599	4639	4591	4639	4665	4820	4944	5169	5266	5562	5831	6102	6368	6679	6887	7187	7338	7473	7316	7172	6904	6708	6528	6650	6685	6713	6752	6837	6759	6789	6807	6890	6894	6944	6987	7086	7072	7237	7321	7419	7480	7596	7608	7738	0	0	0	0	0	0	0	0	0	0	0	0	0	0	0	0	0	0	0	0	0	0	0	0	0	0	0	0	0	0	0	0	0	0	0	0	0	0	0	0	
2188	2273	2293	2238	2203	2175	2207	2301	2461	2599	2725	2854	2988	3043	3143	3189	3153	3119	3241	3294	3426	3516	3474	3402	3325	3246	3207	3236	3252	3314	3397	3514	3592	3687	3871	3974	4022	4162	4287	4215	4199	4246	4248	4272	4368	4419	4357	4354	4286	4213	4134	4141	4115	4097	4140	4240	4229	4189	4224	4163	4254	4268	4376	4496	4677	4750	5036	5265	5492	5752	6064	6250	6507	6674	6784	6627	6476	6261	6091	5949	6051	6101	6124	6190	6240	6134	6140	6150	6244	6249	6303	6378	6439	6460	6616	6691	0	0	0	0	0	0	0	0	0	0	0	0	0	0	0	0	0	0	0	0	0	0	0	0	0	0	0	0	0	0	0	0	0	0	0	0	0	0	0	0	
1419	1548	1650	1785	1892	2009	2082	2073	2003	1980	1980	2010	2100	2261	2385	2487	2582	2698	2689	2729	2652	2597	2568	2686	2737	2862	2919	2909	2859	2816	2749	2718	2757	2767	2819	2909	3051	3084	3152	3344	3469	3532	3618	3694	3627	3604	3657	3661	3712	3814	3815	3759	3772	3683	3591	3544	3557	3552	3531	3598	3637	3634	3614	3652	3591	3657	3686	3784	3884	4019	4116	4339	4539	4727	4955	5235	5402	5625	5760	5859	5689	5618	5434	5295	5157	5240	5297	5276	5284	5325	5246	5265	5330	5393	5393	5436	0	0	0	0	0	0	0	0	0	0	0	0	0	0	0	0	0	0	0	0	0	0	0	0	0	0	0	0	0	0	0	0	0	0	0	0	0	0	0	0	
440	568	714	841	982	1101	1191	1282	1385	1462	1526	1568	1570	1499	1473	1492	1540	1613	1750	1833	1916	2004	2107	2098	2111	2051	2026	2006	2088	2131	2214	2277	2252	2212	2169	2140	2120	2148	2168	2219	2306	2412	2441	2529	2666	2752	2789	2877	2922	2847	2855	2873	2876	2904	2984	2996	2939	2949	2885	2821	2818	2817	2811	2848	2865	2897	2884	2861	2870	2841	2905	2943	3034	3081	3208	3251	3424	3583	3727	3899	4145	4290	4485	4565	4642	4500	4423	4299	4191	4082	4167	4167	4159	4176	4219	4189	0	0	0	0	0	0	0	0	0	0	0	0	0	0	0	0	0	0	0	0	0	0	0	0	0	0	0	0	0	0	0	0	0	0	0	0	0	0	0	0	
50	76	125	194	245	302	385	481	585	681	759	839	884	948	991	1034	1055	1050	1002	991	997	1031	1102	1197	1260	1338	1408	1460	1465	1465	1426	1373	1363	1416	1447	1468	1550	1562	1541	1528	1489	1486	1520	1518	1540	1628	1701	1714	1770	1873	1914	1959	1998	2009	1977	1955	1996	2000	2046	2087	2084	2052	2075	2024	1993	1951	1966	1975	1972	1992	2013	1998	2005	2050	2009	2050	2050	2099	2152	2229	2264	2396	2502	2617	2757	2923	3044	3132	3176	3269	3191	3121	3004	2906	2814	2886	0	0	0	0	0	0	0	0	0	0	0	0	0	0	0	0	0	0	0	0	0	0	0	0	0	0	0	0	0	0	0	0	0	0	0	0	0	0	0	0	
1	3	5	10	20	34	57	86	117	143	182	222	282	369	439	509	576	624	701	752	816	855	881	883	897	934	977	1011	1078	1125	1183	1242	1258	1293	1300	1299	1293	1307	1354	1395	1424	1438	1425	1457	1478	1487	1489	1496	1508	1567	1610	1642	1633	1648	1683	1755	1791	1811	1854	1889	1888	1955	1943	1968	2028	2030	2031	2017	2055	2049	2037	2023	2027	2028	2033	2036	2043	2057	2053	2040	2060	2082	2077	2104	2167	2189	2271	2355	2428	2490	2561	2611	2735	2811	2912	2900	0	0	0	0	0	0	0	0	0	0	0	0	0	0	0	0	0	0	0	0	0	0	0	0	0	0	0	0	0	0	0	0	0	0	0	0	0	0	0	0	
0	0	0	0	0	0	0	0	0	0	0	0	0	0	0	0	5	12	27	42	83	161	257	380	539	691	765	836	881	883	838	843	858	858	820	855	877	849	836	842	816	780	776	758	722	702	673	652	626	598	581	578	554	546	540	541	532	531	509	505	478	477	474	476	496	515	497	485	490	473	437	461	452	446	432	441	439	437	433	422	421	418	412	424	412	427	424	451	443	435	425	446	433	446	429	430	0	0	0	0	0	0	0	0	0	0	0	0	0	0	0	0	0	0	0	0	0	0	0	0	0	0	0	0	0	0	0	0	0	0	0	0	0	0	0	0	
0	0	0	0	0	0	0	0	0	0	0	0	0	0	0	0	0	0	0	0	0	4	11	24	40	69	138	214	315	447	582	650	702	739	741	719	722	725	715	694	723	736	710	715	716	699	662	648	642	603	581	557	530	518	488	486	493	472	457	454	457	436	435	414	415	405	404	398	407	434	442	419	402	411	406	377	389	390	375	363	369	380	378	367	362	353	342	339	341	355	371	370	394	375	381	368	0	0	0	0	0	0	0	0	0	0	0	0	0	0	0	0	0	0	0	0	0	0	0	0	0	0	0	0	0	0	0	0	0	0	0	0	0	0	0	0	
0	0	0	0	0	0	0	0	0	0	0	0	0	0	0	0	0	0	0	0	0	0	0	0	0	2	10	18	27	39	59	114	189	271	385	478	543	589	628	625	603	601	614	598	575	605	619	597	604	612	588	560	551	529	502	483	469	457	449	419	419	423	403	386	385	370	370	384	364	354	341	333	341	341	368	376	349	338	343	342	323	324	328	330	326	331	340	324	311	306	297	290	287	292	306	319	0	0	0	0	0	0	0	0	0	0	0	0	0	0	0	0	0	0	0	0	0	0	0	0	0	0	0	0	0	0	0	0	0	0	0	0	0	0	0	0	
0	0	0	0	0	0	0	0	0	0	0	0	0	0	0	0	1	4	4	4	8	13	41	42	61	93	140	144	166	164	166	222	277	269	276	273	326	371	421	500	545	585	592	628	617	628	630	646	638	621	613	613	601	590	582	603	578	571	552	521	496	470	462	456	434	417	426	399	403	406	404	430	430	405	409	376	366	355	365	382	402	391	392	388	379	367	395	379	355	365	359	385	379	356	343	370	0	0	0	0	0	0	0	0	0	0	0	0	0	0	0	0	0	0	0	0	0	0	0	0	0	0	0	0	0	0	0	0	0	0	0	0	0	0	0	0	
0	0	0	0	0	0	0	0	0	0	0	0	0	0	0	0	6	6	9	17	43	104	173	268	361	502	843	1078	1173	1281	1232	1311	1498	1551	1551	1455	1420	1394	1300	1261	1236	1185	1144	1138	1177	1235	1227	1281	1238	1285	1267	1271	1253	1188	1139	1162	1196	1173	1189	1156	1190	1171	1135	1073	1032	977	984	978	975	975	951	960	916	927	956	935	924	913	906	910	843	877	892	909	973	991	947	943	896	882	871	893	917	909	849	860	0	0	0	0	0	0	0	0	0	0	0	0	0	0	0	0	0	0	0	0	0	0	0	0	0	0	0	0	0	0	0	0	0	0	0	0	0	0	0	0	
0	0	0	0	0	0	0	0	0	0	0	0	0	0	0	0	5	13	17	32	64	132	253	405	591	811	1290	1629	2019	2277	2466	2686	3074	3232	3235	3196	3123	2907	2702	2508	2370	2202	2180	2110	2049	1921	1800	1770	1783	1798	1786	1828	1858	1877	1840	1823	1827	1783	1790	1786	1801	1798	1770	1781	1784	1732	1680	1630	1550	1554	1558	1524	1529	1496	1488	1466	1494	1424	1430	1425	1430	1446	1459	1457	1433	1441	1455	1470	1491	1527	1550	1472	1447	1452	1455	1383	0	0	0	0	0	0	0	0	0	0	0	0	0	0	0	0	0	0	0	0	0	0	0	0	0	0	0	0	0	0	0	0	0	0	0	0	0	0	0	0	
0	0	0	0	0	0	0	0	0	0	0	0	0	0	0	0	5	6	12	18	40	120	208	315	495	725	1185	1551	1856	2160	2376	2692	3030	3290	3479	3675	3797	3946	3902	3861	3756	3547	3254	3074	2844	2678	2580	2429	2310	2233	2146	2098	2062	2018	2043	2070	2056	2127	2150	2180	2179	2141	2126	2125	2070	2095	2073	2021	2027	2013	1969	1890	1905	1830	1868	1864	1799	1782	1777	1721	1732	1738	1688	1688	1700	1706	1728	1728	1745	1728	1712	1741	1773	1727	1810	1820	0	0	0	0	0	0	0	0	0	0	0	0	0	0	0	0	0	0	0	0	0	0	0	0	0	0	0	0	0	0	0	0	0	0	0	0	0	0	0	0	
0	0	0	0	0	0	0	0	0	0	0	0	0	0	0	0	1	6	6	15	37	66	134	240	396	557	909	1169	1460	1675	1881	2133	2426	2681	2924	3122	3254	3411	3574	3764	3946	3967	4005	4050	3979	3780	3641	3387	3178	2933	2695	2515	2492	2441	2344	2231	2177	2136	2142	2142	2139	2187	2261	2324	2280	2301	2327	2310	2308	2250	2241	2251	2181	2197	2192	2136	2080	2083	1960	1962	1959	1897	1934	1913	1911	1846	1877	1804	1816	1899	1880	1890	1866	1858	1830	1863	0	0	0	0	0	0	0	0	0	0	0	0	0	0	0	0	0	0	0	0	0	0	0	0	0	0	0	0	0	0	0	0	0	0	0	0	0	0	0	0	
0	0	0	0	0	0	0	0	0	0	0	0	0	0	0	0	3	1	5	12	19	59	119	178	278	385	638	829	1056	1258	1379	1581	1776	1984	2148	2333	2461	2684	2792	2900	3099	3230	3328	3510	3739	3777	3910	3943	3943	3884	3709	3538	3234	3056	2829	2665	2553	2526	2404	2315	2218	2178	2136	2155	2178	2201	2237	2272	2337	2439	2406	2384	2385	2334	2290	2277	2232	2277	2246	2221	2177	2142	2125	2066	2043	2079	2036	2047	2017	1976	1897	1901	1871	1892	1948	1940	0	0	0	0	0	0	0	0	0	0	0	0	0	0	0	0	0	0	0	0	0	0	0	0	0	0	0	0	0	0	0	0	0	0	0	0	0	0	0	0	
0	0	0	0	0	0	0	0	0	0	0	0	0	0	0	0	1	1	2	3	14	31	65	134	195	301	491	677	827	942	1020	1179	1350	1478	1587	1688	1779	1860	1954	2134	2286	2376	2516	2697	2815	2988	3148	3225	3350	3424	3595	3677	3674	3674	3582	3478	3366	3036	2879	2703	2560	2448	2368	2319	2219	2135	2134	2115	2126	2129	2187	2251	2264	2375	2379	2384	2356	2334	2292	2221	2222	2246	2185	2179	2213	2186	2093	2135	2057	2063	2063	1998	1976	1955	1959	1923	0	0	0	0	0	0	0	0	0	0	0	0	0	0	0	0	0	0	0	0	0	0	0	0	0	0	0	0	0	0	0	0	0	0	0	0	0	0	0	0	
0	0	0	0	0	0	0	0	0	0	0	0	0	0	0	0	0	2	2	1	2	22	34	50	111	177	340	460	586	684	773	893	1042	1159	1243	1245	1300	1404	1462	1509	1609	1722	1758	1843	2061	2161	2300	2389	2536	2669	2798	2930	3030	3106	3170	3288	3397	3424	3378	3274	3192	3058	2881	2700	2558	2385	2300	2264	2205	2169	2107	2033	2008	2037	2108	2103	2114	2234	2286	2257	2250	2203	2193	2174	2114	2148	2171	2100	2141	2114	2105	2048	2028	1969	1947	1959	0	0	0	0	0	0	0	0	0	0	0	0	0	0	0	0	0	0	0	0	0	0	0	0	0	0	0	0	0	0	0	0	0	0	0	0	0	0	0	0	
0	0	0	0	0	0	0	0	0	0	0	0	0	0	0	0	0	0	0	0	3	3	19	37	63	95	197	278	350	446	533	636	735	862	910	975	1051	1125	1162	1181	1189	1210	1334	1377	1435	1509	1577	1633	1698	1811	1939	2033	2155	2269	2410	2494	2608	2643	2766	2858	2912	3015	3077	3034	3001	2947	2786	2591	2472	2335	2216	2154	2139	2057	2006	1937	1906	1873	1845	1914	1970	1976	2008	2072	2092	2027	2045	2019	2028	1993	2015	1995	1964	1971	1961	1891	0	0	0	0	0	0	0	0	0	0	0	0	0	0	0	0	0	0	0	0	0	0	0	0	0	0	0	0	0	0	0	0	0	0	0	0	0	0	0	0	
0	0	0	0	0	0	0	0	0	0	0	0	0	0	0	0	0	0	0	0	3	5	10	19	25	46	77	129	179	237	273	353	442	520	618	656	729	759	838	892	955	978	973	1039	1084	1096	1150	1235	1253	1295	1350	1385	1444	1488	1630	1706	1817	1921	2021	2123	2231	2270	2354	2405	2460	2562	2650	2676	2724	2660	2587	2481	2333	2197	2066	1951	1907	1907	1822	1804	1710	1694	1672	1679	1735	1750	1775	1855	1895	1899	1889	1865	1834	1838	1844	1845	0	0	0	0	0	0	0	0	0	0	0	0	0	0	0	0	0	0	0	0	0	0	0	0	0	0	0	0	0	0	0	0	0	0	0	0	0	0	0	0	
0	0	0	0	0	0	0	0	0	0	0	0	0	0	0	0	0	0	0	0	0	0	4	7	14	18	54	74	96	113	141	167	225	254	311	340	413	469	538	588	656	699	727	765	791	856	846	892	911	919	961	1007	1065	1073	1094	1139	1184	1225	1276	1344	1439	1518	1607	1720	1757	1864	1968	2005	2073	2128	2209	2333	2353	2322	2301	2247	2130	1981	1912	1776	1664	1668	1649	1608	1562	1473	1442	1422	1449	1493	1496	1549	1592	1606	1617	1585	0	0	0	0	0	0	0	0	0	0	0	0	0	0	0	0	0	0	0	0	0	0	0	0	0	0	0	0	0	0	0	0	0	0	0	0	0	0	0	0	
0	0	0	0	0	0	0	0	0	0	0	0	0	0	0	0	0	0	0	0	0	0	0	2	3	5	10	17	34	49	64	79	101	111	123	150	185	210	224	277	310	376	402	444	481	538	582	590	643	646	673	694	740	763	809	784	792	826	855	868	877	924	949	1033	1097	1146	1231	1322	1378	1428	1496	1542	1627	1676	1744	1797	1858	1856	1839	1833	1830	1746	1638	1543	1435	1392	1333	1313	1270	1252	1170	1191	1144	1157	1217	1247	0	0	0	0	0	0	0	0	0	0	0	0	0	0	0	0	0	0	0	0	0	0	0	0	0	0	0	0	0	0	0	0	0	0	0	0	0	0	0	0	
0	0	0	0	0	0	0	0	0	0	0	0	0	0	0	0	0	0	0	0	0	0	0	0	1	1	3	6	9	9	15	19	24	43	58	63	69	93	99	101	125	150	189	197	227	234	277	320	349	382	388	425	444	475	497	498	521	559	560	571	598	595	611	629	650	658	664	709	736	809	889	914	987	1016	1016	1088	1118	1200	1258	1294	1303	1352	1353	1353	1346	1360	1278	1207	1131	1058	1012	993	979	942	906	870	0	0	0	0	0	0	0	0	0	0	0	0	0	0	0	0	0	0	0	0	0	0	0	0	0	0	0	0	0	0	0	0	0	0	0	0	0	0	0	0	
0	0	0	0	0	0	0	0	0	0	0	0	0	0	0	0	0	0	0	0	0	0	0	0	0	0	1	2	4	7	5	7	8	5	6	14	14	16	25	37	40	55	59	71	74	94	99	108	116	143	171	185	204	210	248	257	295	285	300	294	305	321	350	368	375	363	386	395	438	429	450	434	462	496	554	572	601	630	647	642	709	724	743	820	828	851	883	863	851	885	894	832	772	717	690	651	0	0	0	0	0	0	0	0	0	0	0	0	0	0	0	0	0	0	0	0	0	0	0	0	0	0	0	0	0	0	0	0	0	0	0	0	0	0	0	0	
0	0	0	0	0	0	0	0	0	0	0	0	0	0	0	0	0	0	0	0	0	0	0	0	0	0	0	1	1	2	1	2	1	3	4	2	4	5	4	5	9	11	16	18	28	27	37	41	45	52	58	65	79	86	89	127	135	146	151	179	189	213	205	198	214	226	219	245	274	287	273	291	282	314	315	339	336	355	371	383	388	403	445	445	470	530	528	567	600	620	624	649	686	732	738	719	0	0	0	0	0	0	0	0	0	0	0	0	0	0	0	0	0	0	0	0	0	0	0	0	0	0	0	0	0	0	0	0	0	0	0	0	0	0	0	0	
0	0	0	0	0	0	3	9	20	21	21	48	54	75	93	124	119	134	138	143	142	101	100	64	21	3	7	3	3	2	3	7	3	6	5	2	3	5	3	4	5	3	1	7	1	2	4	0	2	2	4	3	4	2	2	5	1	5	4	2	2	3	1	4	3	3	0	4	2	2	2	2	4	2	3	1	4	3	0	0	3	2	3	1	3	1	2	3	0	3	1	2	1	3	2	2	0	0	0	0	0	0	0	0	0	0	0	0	0	0	0	0	0	0	0	0	0	0	0	0	0	0	0	0	0	0	0	0	0	0	0	0	0	0	0	0	
0	0	0	0	0	0	0	0	0	0	0	0	0	1	1	1	1	0	0	1	1	1	4	2	0	1	0	0	0	0	0	0	0	0	0	0	0	0	0	0	0	0	0	0	0	0	0	0	0	0	0	0	0	0	0	0	0	0	0	0	0	0	0	0	0	0	0	0	0	0	0	0	0	0	0	0	0	0	0	0	0	0	0	0	0	0	0	0	0	0	0	0	0	0	0	0	0	0	0	0	0	0	0	0	0	0	0	0	0	0	0	0	0	0	0	0	0	0	0	0	0	0	0	0	0	0	0	0	0	0	0	0	0	0	0	0	
0	0	0	0	0	0	1	2	5	10	20	30	35	45	50	63	61	62	59	55	52	56	42	39	37	35	36	41	42	34	35	32	27	33	28	22	14	16	17	17	15	10	11	10	17	12	9	8	11	8	10	9	8	6	13	13	7	6	9	13	10	11	8	7	5	10	15	14	11	10	13	11	10	7	7	10	8	6	11	8	7	11	7	10	8	7	8	9	7	9	5	8	9	10	10	8	0	0	0	0	0	0	0	0	0	0	0	0	0	0	0	0	0	0	0	0	0	0	0	0	0	0	0	0	0	0	0	0	0	0	0	0	0	0	0	0	
0	0	0	0	0	37	56	107	143	247	404	564	717	895	978	1135	1210	1249	1246	1266	1321	1327	1277	1269	1273	1184	1063	980	864	831	804	692	608	548	537	510	450	392	391	372	371	325	354	343	358	328	322	323	326	296	296	285	267	275	292	263	253	272	258	237	247	234	221	223	222	227	217	225	234	225	235	211	248	235	195	232	217	221	213	260	260	262	228	239	236	229	212	212	252	219	231	212	194	228	228	218	0	0	0	0	0	0	0	0	0	0	0	0	0	0	0	0	0	0	0	0	0	0	0	0	0	0	0	0	0	0	0	0	0	0	0	0	0	0	0	0	
0	0	0	0	0	52	95	207	312	506	806	1116	1458	1928	2387	2715	2970	3237	3426	3476	3558	3647	3656	3639	3567	3462	3225	3001	2863	2697	2532	2246	1865	1607	1326	1235	1072	1005	939	869	765	746	686	685	683	643	671	648	686	637	662	645	628	643	645	630	629	609	596	664	595	555	552	499	513	581	532	519	535	499	500	511	513	509	495	467	494	513	494	456	504	503	539	570	561	567	553	504	557	538	505	511	502	495	508	492	0	0	0	0	0	0	0	0	0	0	0	0	0	0	0	0	0	0	0	0	0	0	0	0	0	0	0	0	0	0	0	0	0	0	0	0	0	0	0	0	
0	0	0	0	0	74	112	158	265	398	579	886	1252	1597	2015	2395	2757	3025	3321	3543	3735	3779	3809	3813	3734	3673	3271	3100	2863	2703	2650	2523	2141	1910	1817	1604	1431	1277	1139	1015	915	876	795	700	637	647	673	644	619	643	658	631	626	614	676	671	648	682	672	596	599	617	625	601	580	570	577	583	582	549	568	534	539	529	499	516	504	518	489	527	517	527	541	531	501	513	518	538	554	560	560	550	532	541	508	527	0	0	0	0	0	0	0	0	0	0	0	0	0	0	0	0	0	0	0	0	0	0	0	0	0	0	0	0	0	0	0	0	0	0	0	0	0	0	0	0	
0	0	0	0	0	47	63	109	176	256	388	568	801	1066	1299	1523	1877	2131	2394	2645	2807	2890	2890	2896	2905	2813	2527	2285	2114	1966	1978	1869	1691	1570	1510	1501	1480	1336	1321	1233	1117	1063	999	855	775	708	633	676	673	621	599	577	547	580	596	597	621	575	581	610	578	611	631	636	600	571	566	579	563	590	588	604	544	544	479	490	524	526	521	542	487	488	499	468	513	507	500	479	494	501	506	522	512	547	514	523	0	0	0	0	0	0	0	0	0	0	0	0	0	0	0	0	0	0	0	0	0	0	0	0	0	0	0	0	0	0	0	0	0	0	0	0	0	0	0	0	
0	0	0	0	0	34	49	72	99	153	230	334	466	653	839	1091	1277	1496	1675	1893	1998	2151	2201	2175	2132	2080	1811	1653	1537	1485	1449	1339	1264	1162	1066	1059	1076	1058	1111	1076	1040	1099	1102	1006	958	958	867	768	695	669	683	693	646	591	579	579	575	525	500	543	586	559	533	526	627	627	602	611	575	539	554	547	564	552	552	538	531	533	542	520	534	558	527	514	480	497	453	521	489	466	478	495	495	513	505	514	0	0	0	0	0	0	0	0	0	0	0	0	0	0	0	0	0	0	0	0	0	0	0	0	0	0	0	0	0	0	0	0	0	0	0	0	0	0	0	0	
0	0	0	0	0	18	24	35	60	82	121	187	256	345	478	603	755	945	1150	1267	1432	1505	1646	1673	1611	1570	1417	1283	1167	1063	1059	970	869	814	802	781	789	765	781	818	804	843	890	863	784	889	856	845	815	758	784	760	740	680	636	624	586	563	584	546	547	527	488	512	518	524	510	561	588	537	583	578	590	570	540	560	595	490	517	536	556	529	529	509	517	496	509	466	472	480	509	482	507	463	479	473	0	0	0	0	0	0	0	0	0	0	0	0	0	0	0	0	0	0	0	0	0	0	0	0	0	0	0	0	0	0	0	0	0	0	0	0	0	0	0	0	
0	0	0	0	0	6	14	20	20	35	55	88	119	185	242	330	428	503	604	754	909	1027	1116	1169	1188	1168	1059	1020	909	868	842	746	658	607	567	559	574	569	608	583	578	623	661	622	630	643	638	703	710	788	751	779	788	753	783	721	662	695	645	593	549	543	579	541	517	533	513	468	481	552	514	472	546	525	543	533	521	545	530	520	515	534	539	534	489	486	536	500	493	464	473	482	495	501	456	446	0	0	0	0	0	0	0	0	0	0	0	0	0	0	0	0	0	0	0	0	0	0	0	0	0	0	0	0	0	0	0	0	0	0	0	0	0	0	0	0	
0	0	0	0	0	2	3	5	13	18	26	39	65	74	107	142	194	263	328	388	475	562	656	747	812	855	796	729	719	699	668	615	562	477	446	453	459	430	427	443	426	407	464	487	429	455	453	524	521	517	560	582	600	621	675	702	680	685	680	727	711	650	584	560	525	519	507	515	499	451	445	486	445	454	449	480	493	456	479	496	480	468	495	484	478	468	478	495	432	472	418	452	497	483	441	453	0	0	0	0	0	0	0	0	0	0	0	0	0	0	0	0	0	0	0	0	0	0	0	0	0	0	0	0	0	0	0	0	0	0	0	0	0	0	0	0	
0	0	0	0	0	0	0	2	4	6	10	18	20	38	54	69	88	124	153	198	240	287	342	378	392	447	448	446	471	483	493	456	392	368	375	368	331	330	326	334	332	349	314	335	318	320	329	325	361	397	390	419	462	491	474	523	532	594	573	576	640	670	643	652	629	598	569	549	500	486	457	444	431	463	424	423	419	382	441	432	406	414	450	454	435	472	422	455	443	436	432	450	420	401	407	457	0	0	0	0	0	0	0	0	0	0	0	0	0	0	0	0	0	0	0	0	0	0	0	0	0	0	0	0	0	0	0	0	0	0	0	0	0	0	0	0	
0	0	0	0	0	0	0	0	1	3	3	3	7	9	12	25	33	42	63	89	101	130	151	183	210	216	234	263	250	249	285	275	248	255	237	273	259	272	262	265	244	242	292	268	251	246	251	243	278	278	258	271	286	325	309	341	350	410	421	418	416	487	486	493	563	546	585	587	529	533	567	522	474	464	453	423	404	391	400	369	377	371	321	353	352	373	399	396	394	399	375	382	399	394	353	378	0	0	0	0	0	0	0	0	0	0	0	0	0	0	0	0	0	0	0	0	0	0	0	0	0	0	0	0	0	0	0	0	0	0	0	0	0	0	0	0	
0	0	0	0	0	0	0	0	0	0	1	1	2	3	5	6	7	9	14	19	33	46	48	68	84	98	93	102	115	117	121	130	134	123	120	139	129	134	142	172	159	178	166	184	193	163	186	189	195	205	204	197	190	216	224	211	221	222	253	283	290	328	362	350	381	373	354	399	390	422	435	429	426	442	444	475	450	414	344	362	368	334	341	305	299	300	333	280	288	310	348	327	325	352	315	340	0	0	0	0	0	0	0	0	0	0	0	0	0	0	0	0	0	0	0	0	0	0	0	0	0	0	0	0	0	0	0	0	0	0	0	0	0	0	0	0	
0	0	0	0	0	0	0	0	0	0	0	0	0	1	2	6	6	6	6	7	11	13	19	19	29	39	41	43	51	48	46	48	36	54	62	57	55	72	77	79	92	80	99	110	133	117	115	125	124	167	153	141	144	141	127	175	181	173	166	180	181	158	198	195	230	269	262	281	300	289	306	308	278	315	331	349	346	382	385	364	373	363	337	318	314	262	284	296	273	245	256	221	233	239	244	258	0	0	0	0	0	0	0	0	0	0	0	0	0	0	0	0	0	0	0	0	0	0	0	0	0	0	0	0	0	0	0	0	0	0	0	0	0	0	0	0	
0	0	0	0	0	0	0	0	0	0	0	0	0	0	0	0	1	3	4	5	5	8	6	7	7	13	12	13	8	16	18	20	16	17	16	22	33	22	30	31	31	38	35	40	43	67	58	49	60	78	84	91	86	89	79	96	92	99	114	119	97	110	111	127	126	124	144	135	164	180	167	193	184	200	208	206	251	241	232	243	258	272	274	275	283	275	252	219	230	227	223	198	193	208	182	185	0	0	0	0	0	0	0	0	0	0	0	0	0	0	0	0	0	0	0	0	0	0	0	0	0	0	0	0	0	0	0	0	0	0	0	0	0	0	0	0	
0	0	0	0	0	0	0	0	0	0	0	0	1	1	1	1	2	1	1	1	2	2	3	3	1	1	4	2	3	1	5	1	3	4	5	6	7	9	11	12	13	9	12	13	17	22	21	32	36	29	37	37	33	41	42	44	44	53	51	62	69	61	72	62	75	80	79	86	69	90	73	94	82	88	91	102	102	120	131	161	132	146	169	168	199	169	175	185	180	159	167	171	158	154	134	144	0	0	0	0	0	0	0	0	0	0	0	0	0	0	0	0	0	0	0	0	0	0	0	0	0	0	0	0	0	0	0	0	0	0	0	0	0	0	0	0	
0	0	0	0	0	0	0	0	0	0	0	0	0	0	0	0	0	0	0	0	0	1	1	1	0	1	1	0	0	0	0	1	1	0	1	4	1	1	1	1	0	0	2	7	4	6	10	5	8	10	15	17	10	13	23	22	19	23	25	35	42	38	33	49	54	43	57	58	46	44	71	61	86	73	79	60	64	70	63	64	84	82	87	106	89	79	116	110	129	138	153	155	154	129	135	145	0	0	0	0	0	0	0	0	0	0	0	0	0	0	0	0	0	0	0	0	0	0	0	0	0	0	0	0	0	0	0	0	0	0	0	0	0	0	0	0	
0	0	0	0	0	0	0	0	0	0	0	0	0	0	0	0	0	0	0	0	0	0	0	0	0	0	0	0	0	0	0	0	0	0	0	0	0	0	0	0	0	0	0	0	0	0	0	0	0	0	0	0	0	0	0	0	0	0	0	0	0	0	0	0	0	0	0	0	0	0	0	0	0	0	0	0	0	0	0	0	0	0	0	0	0	0	0	0	0	0	0	0	0	0	0	0	0	0	0	0	0	0	0	0	0	0	0	0	0	0	0	0	0	0	0	0	0	0	0	0	0	0	0	0	0	0	0	0	0	0	0	0	0	0	0	0	
0	0	0	0	0	0	0	0	0	0	0	0	0	0	0	0	0	0	0	0	0	0	0	0	0	0	0	0	0	0	0	0	0	0	0	0	0	0	0	0	0	0	0	0	0	0	0	0	0	0	0	0	0	0	0	0	0	0	0	0	0	0	0	0	0	0	0	0	0	0	0	0	0	0	0	0	0	0	0	0	0	0	0	0	0	0	0	0	0	0	0	0	0	0	0	0	0	0	0	0	0	0	0	0	0	0	0	0	0	0	0	0	0	0	0	0	0	0	0	0	0	0	0	0	0	0	0	0	0	0	0	0	0	0	0	0	
106	114	102	91	119	115	107	125	132	136	141	157	179	164	170	161	139	153	130	159	165	134	148	157	159	135	131	117	124	135	119	134	99	78	52	33	25	17	18	24	17	19	23	14	8	13	13	21	17	17	9	20	15	13	14	9	16	13	10	12	8	10	13	11	19	13	7	15	11	12	7	6	17	12	15	14	12	10	14	7	14	7	13	6	6	8	16	14	15	11	19	18	13	10	17	8	0	0	0	0	0	0	0	0	0	0	0	0	0	0	0	0	0	0	0	0	0	0	0	0	0	0	0	0	0	0	0	0	0	0	0	0	0	0	0	0	
943	1082	952	1003	963	992	1078	1111	1228	1143	1181	1196	1172	1173	1125	1117	1152	1187	1231	1247	1312	1328	1367	1399	1371	1323	1306	1286	1214	1158	1089	1089	1082	1090	1117	1169	1066	869	709	439	195	203	195	200	183	162	168	148	162	185	165	187	168	163	196	168	180	161	144	164	160	143	140	150	152	145	132	141	182	157	133	107	102	137	126	153	139	137	136	128	138	148	145	167	149	161	185	158	163	161	141	158	147	139	125	130	0	0	0	0	0	0	0	0	0	0	0	0	0	0	0	0	0	0	0	0	0	0	0	0	0	0	0	0	0	0	0	0	0	0	0	0	0	0	0	0	
1168	1349	1266	1176	1087	1093	1098	1166	1190	1323	1280	1286	1260	1232	1227	1169	1170	1147	1178	1218	1236	1249	1263	1442	1438	1428	1420	1402	1449	1430	1410	1385	1342	1297	1247	1268	1331	1262	1218	1195	1171	955	781	600	440	255	249	227	225	247	227	228	242	206	209	224	233	236	233	239	249	226	221	240	222	213	206	211	223	225	227	199	199	194	219	228	218	212	248	219	217	207	225	234	224	235	243	243	222	216	230	210	208	220	219	184	0	0	0	0	0	0	0	0	0	0	0	0	0	0	0	0	0	0	0	0	0	0	0	0	0	0	0	0	0	0	0	0	0	0	0	0	0	0	0	0	
715	821	830	815	818	843	834	825	835	811	831	873	834	782	729	700	692	717	716	692	738	731	754	694	716	696	722	788	801	819	923	894	901	930	922	889	897	852	828	778	787	785	797	795	783	787	631	547	404	301	180	172	159	174	159	172	157	167	168	177	182	180	192	153	169	169	163	155	170	147	143	136	144	144	147	176	155	156	169	176	160	192	163	153	161	172	174	171	159	172	155	166	167	156	168	164	0	0	0	0	0	0	0	0	0	0	0	0	0	0	0	0	0	0	0	0	0	0	0	0	0	0	0	0	0	0	0	0	0	0	0	0	0	0	0	0	
462	535	536	580	571	637	659	622	629	619	642	657	672	611	597	564	550	526	535	486	510	489	489	494	494	490	489	481	463	433	450	522	546	559	589	624	631	660	643	668	656	648	593	599	624	618	591	619	642	595	591	473	412	310	229	143	138	122	105	128	136	145	127	135	129	142	126	127	107	129	127	117	113	105	114	105	104	89	109	106	111	122	134	128	124	121	115	120	113	148	122	113	111	120	133	130	0	0	0	0	0	0	0	0	0	0	0	0	0	0	0	0	0	0	0	0	0	0	0	0	0	0	0	0	0	0	0	0	0	0	0	0	0	0	0	0	
332	449	392	397	416	432	487	490	505	504	548	535	546	547	564	540	547	512	495	496	440	432	421	389	372	385	393	377	374	383	364	365	355	330	354	360	382	437	434	479	514	522	550	546	571	578	539	503	524	510	522	540	527	518	540	522	448	342	270	177	85	107	119	103	107	109	108	102	107	104	100	117	109	108	104	111	108	84	93	92	93	101	106	96	90	100	105	118	121	117	115	111	111	108	113	104	0	0	0	0	0	0	0	0	0	0	0	0	0	0	0	0	0	0	0	0	0	0	0	0	0	0	0	0	0	0	0	0	0	0	0	0	0	0	0	0	
272	315	338	315	338	363	369	376	367	395	431	455	441	481	496	475	465	488	429	516	472	452	426	400	405	378	350	342	342	327	313	308	317	358	356	351	377	361	331	379	376	390	401	409	462	481	494	494	492	525	531	503	499	459	487	484	481	485	511	501	478	428	312	217	163	98	101	104	107	99	93	97	85	105	95	89	88	90	88	87	101	89	79	72	65	82	90	99	99	88	94	87	85	82	103	86	0	0	0	0	0	0	0	0	0	0	0	0	0	0	0	0	0	0	0	0	0	0	0	0	0	0	0	0	0	0	0	0	0	0	0	0	0	0	0	0	
246	256	261	240	258	279	284	330	301	309	339	361	368	338	372	372	413	408	421	434	403	419	427	383	408	395	365	327	311	302	323	307	314	302	303	289	309	317	305	311	315	295	312	307	324	336	329	366	382	388	443	441	445	453	472	464	467	462	430	423	408	423	439	433	441	394	338	261	228	172	88	106	109	96	81	71	83	77	72	80	88	62	84	81	82	76	63	71	77	76	74	76	83	77	75	81	0	0	0	0	0	0	0	0	0	0	0	0	0	0	0	0	0	0	0	0	0	0	0	0	0	0	0	0	0	0	0	0	0	0	0	0	0	0	0	0	
207	230	209	216	231	251	235	256	233	262	264	262	267	303	325	316	311	315	303	313	346	341	333	406	383	323	344	335	327	333	350	307	272	263	275	265	271	256	255	261	266	288	301	281	282	265	285	266	294	300	316	323	335	348	356	392	392	394	447	463	433	399	417	394	388	407	396	412	393	417	390	315	241	201	169	90	91	85	83	60	74	91	80	71	82	70	73	74	81	75	62	64	57	60	79	74	0	0	0	0	0	0	0	0	0	0	0	0	0	0	0	0	0	0	0	0	0	0	0	0	0	0	0	0	0	0	0	0	0	0	0	0	0	0	0	0	
156	178	177	189	213	179	206	229	258	230	249	249	231	259	249	219	247	255	277	270	267	252	258	257	280	294	282	269	280	296	283	287	293	264	289	265	236	253	242	230	222	225	251	250	231	248	234	256	259	236	232	238	244	235	271	278	308	333	330	342	359	376	369	403	384	381	391	366	365	355	363	361	359	346	372	352	266	229	193	138	75	71	72	72	67	63	51	62	65	73	64	71	71	66	56	56	0	0	0	0	0	0	0	0	0	0	0	0	0	0	0	0	0	0	0	0	0	0	0	0	0	0	0	0	0	0	0	0	0	0	0	0	0	0	0	0	
105	108	139	142	126	145	152	175	171	184	221	249	220	210	223	236	231	231	212	221	235	214	202	194	191	219	215	217	213	208	259	235	200	219	228	232	223	243	266	264	240	221	233	207	213	215	208	194	191	205	208	201	212	202	186	202	212	212	229	231	249	248	274	264	314	348	358	325	334	342	319	331	352	331	280	307	284	274	281	288	279	223	208	167	102	57	66	54	57	70	64	52	59	55	60	60	0	0	0	0	0	0	0	0	0	0	0	0	0	0	0	0	0	0	0	0	0	0	0	0	0	0	0	0	0	0	0	0	0	0	0	0	0	0	0	0	
115	106	112	115	109	116	102	116	118	123	145	136	161	175	192	184	187	181	184	188	207	190	195	176	189	190	162	162	165	165	178	172	174	181	173	205	184	199	197	200	200	198	205	202	215	208	194	193	165	167	186	172	191	187	186	168	153	143	157	145	171	180	185	193	193	210	211	228	243	273	291	273	285	293	297	280	278	257	263	228	221	230	248	243	280	300	226	177	132	83	57	46	45	38	39	43	0	0	0	0	0	0	0	0	0	0	0	0	0	0	0	0	0	0	0	0	0	0	0	0	0	0	0	0	0	0	0	0	0	0	0	0	0	0	0	0	
51	61	65	70	68	88	115	99	79	94	84	90	91	98	118	127	140	153	145	143	130	134	141	126	127	132	128	126	123	154	139	148	126	134	126	130	133	144	122	133	136	149	158	153	147	144	149	162	158	165	156	165	136	151	132	144	135	124	119	128	133	116	122	133	125	136	145	154	137	123	150	160	185	201	224	232	207	229	227	228	194	201	208	201	202	210	206	212	198	216	189	168	133	113	64	45	0	0	0	0	0	0	0	0	0	0	0	0	0	0	0	0	0	0	0	0	0	0	0	0	0	0	0	0	0	0	0	0	0	0	0	0	0	0	0	0	
12	17	26	33	39	43	48	46	49	62	60	59	65	68	63	72	61	63	72	76	79	79	93	105	102	99	96	108	99	112	103	104	108	90	88	98	93	92	95	90	86	91	91	100	105	101	108	105	99	98	110	103	104	107	111	101	116	115	98	106	100	103	86	94	92	96	113	104	80	87	89	99	95	118	117	118	115	109	135	134	137	154	157	135	141	135	158	140	138	147	125	157	154	154	172	152	0	0	0	0	0	0	0	0	0	0	0	0	0	0	0	0	0	0	0	0	0	0	0	0	0	0	0	0	0	0	0	0	0	0	0	0	0	0	0	0	
2	2	4	5	11	7	13	17	12	15	21	27	24	28	33	38	47	37	37	30	28	25	31	40	51	48	52	58	67	66	61	74	72	60	61	59	56	70	67	72	62	56	55	55	57	69	59	57	53	55	47	60	63	59	55	48	62	69	71	76	62	77	63	58	54	61	72	67	63	62	58	54	49	57	66	57	61	58	65	65	41	61	82	66	73	88	97	90	92	87	106	98	80	79	77	84	0	0	0	0	0	0	0	0	0	0	0	0	0	0	0	0	0	0	0	0	0	0	0	0	0	0	0	0	0	0	0	0	0	0	0	0	0	0	0	0	
0	0	0	0	0	0	1	2	5	2	6	7	13	13	12	15	18	18	21	19	28	23	19	22	23	21	31	34	29	21	36	52	38	44	51	43	43	47	40	45	57	49	64	51	45	48	43	49	52	52	44	57	49	43	50	45	42	48	50	44	49	63	51	44	43	45	45	52	52	53	51	58	54	49	53	44	43	39	55	47	53	52	59	55	68	49	45	50	56	54	56	58	63	76	85	74	0	0	0	0	0	0	0	0	0	0	0	0	0	0	0	0	0	0	0	0	0	0	0	0	0	0	0	0	0	0	0	0	0	0	0	0	0	0	0	0	
0	0	0	0	0	0	0	0	0	0	0	0	0	0	0	0	0	0	0	0	0	0	0	0	0	0	0	0	0	0	0	0	0	0	0	0	0	0	0	0	0	0	0	0	0	0	0	0	0	0	0	0	0	0	0	0	0	0	0	0	0	0	0	0	0	0	0	0	0	0	0	0	0	0	0	0	0	0	0	0	0	0	0	0	0	0	0	0	0	0	0	0	0	0	0	0	0	0	0	0	0	0	0	0	0	0	0	0	0	0	0	0	0	0	0	0	0	0	0	0	0	0	0	0	0	0	0	0	0	0	0	0	0	0	0	0	
0	0	0	0	0	0	0	0	0	0	0	0	0	0	0	0	0	0	0	0	0	0	0	0	0	0	0	0	0	0	0	0	0	0	0	0	0	0	0	0	0	0	0	0	0	0	0	0	0	0	0	0	0	0	0	0	0	0	0	0	0	0	0	0	0	0	0	0	0	0	0	0	0	0	0	0	0	0	0	0	0	0	0	0	0	0	0	0	0	0	0	0	0	0	0	0	0	0	0	0	0	0	0	0	0	0	0	0	0	0	0	0	0	0	0	0	0	0	0	0	0	0	0	0	0	0	0	0	0	0	0	0	0	0	0	0	
0	0	0	0	0	0	0	0	0	0	0	0	0	0	0	0	0	0	0	0	0	0	0	0	0	1	2	2	2	1	2	4	2	6	7	0	2	1	1	1	0	2	4	4	2	1	2	0	0	0	1	1	0	0	0	0	1	1	1	2	3	1	1	0	1	1	0	0	0	0	0	0	1	0	0	1	0	0	0	0	0	1	1	1	1	0	0	1	1	1	1	0	0	1	0	0	0	0	0	0	0	0	0	0	0	0	0	0	0	0	0	0	0	0	0	0	0	0	0	0	0	0	0	0	0	0	0	0	0	0	0	0	0	0	0	0	
0	0	0	0	0	0	0	0	0	0	0	0	0	0	0	0	1	0	0	0	2	2	12	13	19	31	33	46	50	43	54	84	73	80	82	83	82	89	72	44	15	20	9	19	13	18	15	15	12	10	14	16	18	9	16	19	14	9	14	16	8	18	14	10	7	8	9	3	7	13	12	10	13	12	9	13	10	12	12	11	9	13	12	13	11	13	11	10	10	10	8	14	12	11	9	13	0	0	0	0	0	0	0	0	0	0	0	0	0	0	0	0	0	0	0	0	0	0	0	0	0	0	0	0	0	0	0	0	0	0	0	0	0	0	0	0	
0	0	0	0	0	0	0	0	0	0	0	0	0	0	0	0	3	3	3	4	10	24	36	57	92	115	199	248	257	284	255	282	322	329	320	333	311	278	246	256	227	215	165	115	88	49	47	42	36	44	32	44	37	42	44	48	53	35	42	42	63	45	47	51	47	25	35	32	41	33	34	42	28	39	41	42	38	36	35	37	32	44	43	32	35	38	46	38	39	32	38	44	37	41	32	37	0	0	0	0	0	0	0	0	0	0	0	0	0	0	0	0	0	0	0	0	0	0	0	0	0	0	0	0	0	0	0	0	0	0	0	0	0	0	0	0	
0	0	0	0	0	0	0	0	0	0	0	0	0	0	0	0	1	1	2	7	11	30	61	83	105	160	228	308	365	380	439	452	529	515	510	501	477	459	406	359	349	302	311	288	273	256	207	151	134	94	48	54	43	67	58	42	52	38	51	51	46	60	54	61	58	62	47	49	45	41	43	39	48	32	50	42	39	47	46	46	47	42	38	49	43	42	36	44	34	50	46	45	62	54	59	56	0	0	0	0	0	0	0	0	0	0	0	0	0	0	0	0	0	0	0	0	0	0	0	0	0	0	0	0	0	0	0	0	0	0	0	0	0	0	0	0	
0	0	0	0	0	0	0	0	0	0	0	0	0	0	0	0	1	1	2	4	5	25	35	42	73	134	228	264	312	354	372	421	456	511	509	530	495	538	531	510	502	476	392	394	356	345	333	294	287	272	262	219	185	124	91	56	60	55	53	54	52	62	51	51	59	52	44	58	65	59	58	50	42	46	40	32	33	38	43	45	42	49	42	44	45	49	46	34	47	36	33	43	47	39	52	43	0	0	0	0	0	0	0	0	0	0	0	0	0	0	0	0	0	0	0	0	0	0	0	0	0	0	0	0	0	0	0	0	0	0	0	0	0	0	0	0	
0	0	0	0	0	0	0	0	0	0	0	0	0	0	0	0	0	0	1	1	5	10	16	39	68	112	171	222	237	279	278	321	334	347	363	422	435	464	458	502	519	521	522	492	496	457	453	429	389	350	322	292	300	305	282	260	210	154	124	80	48	51	55	62	52	44	53	54	58	53	54	54	48	58	60	60	53	61	47	47	50	53	36	49	40	45	41	41	42	45	39	41	45	41	36	40	0	0	0	0	0	0	0	0	0	0	0	0	0	0	0	0	0	0	0	0	0	0	0	0	0	0	0	0	0	0	0	0	0	0	0	0	0	0	0	0	
0	0	0	0	0	0	0	0	0	0	0	0	0	0	0	0	0	1	1	1	0	14	22	35	50	67	112	151	189	222	228	270	278	286	299	328	327	332	367	374	413	383	395	418	452	446	434	434	441	421	436	412	379	380	333	301	291	313	298	292	265	218	179	131	75	51	50	52	59	48	64	53	48	53	48	57	58	54	67	60	52	50	50	48	47	43	47	37	37	40	41	42	47	46	52	47	0	0	0	0	0	0	0	0	0	0	0	0	0	0	0	0	0	0	0	0	0	0	0	0	0	0	0	0	0	0	0	0	0	0	0	0	0	0	0	0	
0	0	0	0	0	0	0	0	0	0	0	0	0	0	0	0	0	0	0	0	1	4	16	31	37	56	76	113	156	155	159	179	199	213	215	203	220	235	228	247	289	288	301	334	347	358	363	355	348	403	433	414	400	421	394	394	396	358	340	279	273	290	284	270	255	243	213	167	134	87	53	50	48	62	52	62	57	66	59	49	58	53	45	64	59	51	44	62	56	40	35	44	41	34	38	36	0	0	0	0	0	0	0	0	0	0	0	0	0	0	0	0	0	0	0	0	0	0	0	0	0	0	0	0	0	0	0	0	0	0	0	0	0	0	0	0	
0	0	0	0	0	0	0	0	0	0	0	0	0	0	0	0	0	0	0	0	0	2	5	5	13	30	54	76	96	110	119	138	145	167	177	161	165	174	188	185	191	201	198	222	239	226	248	242	283	274	288	329	332	300	334	344	384	333	385	367	344	342	284	292	264	236	245	255	260	261	215	180	146	106	75	37	39	49	55	50	50	64	53	42	45	50	54	45	47	47	52	49	39	34	39	42	0	0	0	0	0	0	0	0	0	0	0	0	0	0	0	0	0	0	0	0	0	0	0	0	0	0	0	0	0	0	0	0	0	0	0	0	0	0	0	0	
0	0	0	0	0	0	0	0	0	0	0	0	0	0	0	0	0	0	0	0	0	0	4	8	8	15	34	44	57	62	85	94	104	129	134	129	141	150	133	136	126	138	156	148	162	185	183	174	191	210	195	202	226	215	242	253	267	237	252	274	284	307	327	326	312	283	271	237	243	236	216	211	212	218	205	190	147	120	94	59	35	31	38	43	41	32	44	41	33	36	36	37	41	40	48	39	0	0	0	0	0	0	0	0	0	0	0	0	0	0	0	0	0	0	0	0	0	0	0	0	0	0	0	0	0	0	0	0	0	0	0	0	0	0	0	0	
0	0	0	0	0	0	0	0	0	0	0	0	0	0	0	0	0	0	0	0	0	0	0	6	6	9	6	25	32	34	40	45	53	61	85	93	102	93	98	93	119	116	93	113	112	107	97	128	146	120	129	126	134	152	160	171	188	186	166	178	168	178	191	221	203	208	245	248	271	253	229	211	199	204	192	177	179	186	154	182	148	111	88	63	41	23	21	28	32	25	29	31	35	30	23	35	0	0	0	0	0	0	0	0	0	0	0	0	0	0	0	0	0	0	0	0	0	0	0	0	0	0	0	0	0	0	0	0	0	0	0	0	0	0	0	0	
0	0	0	0	0	0	0	0	0	0	0	0	0	0	0	0	0	0	0	0	0	0	0	2	2	2	13	11	16	17	17	23	25	25	43	44	58	60	72	58	75	70	67	71	84	82	76	90	88	81	89	91	96	96	96	95	103	107	118	104	135	131	119	137	167	155	167	175	161	174	169	207	217	200	215	198	162	148	154	129	148	159	159	130	133	119	82	61	47	38	25	26	24	24	25	22	0	0	0	0	0	0	0	0	0	0	0	0	0	0	0	0	0	0	0	0	0	0	0	0	0	0	0	0	0	0	0	0	0	0	0	0	0	0	0	0	
0	0	0	0	0	0	0	0	0	0	0	0	0	0	0	0	0	0	0	0	0	0	0	0	0	1	0	1	7	5	10	9	7	7	8	12	23	27	24	33	36	36	50	49	43	54	46	41	51	58	44	66	64	58	70	63	63	66	56	68	66	72	73	70	78	83	87	94	99	109	117	105	112	116	124	129	152	153	161	151	143	119	102	112	103	103	114	109	96	95	80	66	51	33	31	10	0	0	0	0	0	0	0	0	0	0	0	0	0	0	0	0	0	0	0	0	0	0	0	0	0	0	0	0	0	0	0	0	0	0	0	0	0	0	0	0	
0	0	0	0	0	0	0	0	0	0	0	0	0	0	0	0	0	0	0	0	0	0	0	0	0	0	1	1	1	0	2	1	1	6	8	3	3	7	10	12	13	14	21	19	21	24	21	22	38	28	29	35	32	37	42	43	45	52	52	52	45	35	44	45	51	43	40	43	46	45	43	52	63	63	68	74	65	78	86	91	76	97	95	99	96	101	85	69	72	68	79	70	71	65	64	53	0	0	0	0	0	0	0	0	0	0	0	0	0	0	0	0	0	0	0	0	0	0	0	0	0	0	0	0	0	0	0	0	0	0	0	0	0	0	0	0	
0	0	0	0	0	0	0	0	0	0	0	0	0	0	0	0	0	0	0	0	0	0	0	0	0	0	0	0	0	0	0	0	1	0	0	1	3	1	3	2	3	2	2	4	5	7	8	10	11	11	14	12	25	18	26	26	23	15	12	20	28	29	29	26	25	26	17	25	17	22	30	24	17	21	28	27	32	34	38	40	49	41	44	42	50	38	60	59	62	61	52	46	49	37	35	35	0	0	0	0	0	0	0	0	0	0	0	0	0	0	0	0	0	0	0	0	0	0	0	0	0	0	0	0	0	0	0	0	0	0	0	0	0	0	0	0	
0	0	0	0	0	0	0	0	0	0	0	0	0	0	0	0	0	0	0	0	0	0	0	0	0	0	0	0	0	0	0	1	0	0	0	0	0	0	0	0	0	2	2	1	1	1	2	3	4	5	5	4	7	5	5	10	11	13	13	17	16	13	8	9	13	11	12	13	11	9	11	10	11	12	11	20	14	9	11	5	21	18	15	17	15	25	31	33	33	31	32	31	30	37	39	32	0	0	0	0	0	0	0	0	0	0	0	0	0	0	0	0	0	0	0	0	0	0	0	0	0	0	0	0	0	0	0	0	0	0	0	0	0	0	0	0	
0	0	0	0	0	0	0	0	0	0	0	0	0	0	0	0	0	0	0	0	0	0	0	0	0	0	0	0	0	0	0	0	0	0	0	0	0	0	0	0	0	0	0	0	0	0	0	0	0	0	0	0	0	0	0	0	0	0	0	0	0	0	0	0	0	0	0	0	0	0	0	0	0	0	0	0	0	0	0	0	0	0	0	0	0	0	0	0	0	0	0	0	0	0	0	0	0	0	0	0	0	0	0	0	0	0	0	0	0	0	0	0	0	0	0	0	0	0	0	0	0	0	0	0	0	0	0	0	0	0	0	0	0	0	0	0	
0	0	0	0	0	0	0	0	0	0	0	0	0	0	0	0	0	0	0	0	0	0	0	0	0	0	0	0	0	0	0	0	0	0	0	0	0	0	0	0	0	0	0	0	0	0	0	0	0	0	0	0	0	0	0	0	0	0	0	0	0	0	0	0	0	0	0	0	0	0	0	0	0	0	0	0	0	0	0	0	0	0	0	0	0	0	0	0	0	0	0	0	0	0	0	0	0	0	0	0	0	0	0	0	0	0	0	0	0	0	0	0	0	0	0	0	0	0	0	0	0	0	0	0	0	0	0	0	0	0	0	0	0	0	0	0	
0	0	0	0	0	0	0	1	2	4	7	14	8	13	17	21	20	20	21	16	21	22	17	15	15	16	14	12	14	14	12	14	9	12	2	0	2	1	2	1	1	0	1	1	1	2	0	0	2	1	1	1	0	0	2	1	0	0	0	1	0	1	1	0	0	0	1	1	0	0	0	0	1	1	1	0	0	0	1	1	0	0	0	1	0	0	0	0	0	0	0	1	0	0	0	0	0	0	0	0	0	0	0	0	0	0	0	0	0	0	0	0	0	0	0	0	0	0	0	0	0	0	0	0	0	0	0	0	0	0	0	0	0	0	0	0	
0	0	0	0	0	10	15	44	51	102	151	207	245	337	321	370	370	406	394	420	423	477	428	392	425	373	351	333	283	269	258	208	206	191	174	192	142	117	96	64	30	21	27	15	17	15	20	9	17	11	12	11	15	17	22	12	12	15	12	19	16	16	12	10	10	14	6	9	10	8	12	12	14	19	14	11	10	10	10	10	13	15	7	10	12	7	11	9	6	16	17	10	12	14	13	13	0	0	0	0	0	0	0	0	0	0	0	0	0	0	0	0	0	0	0	0	0	0	0	0	0	0	0	0	0	0	0	0	0	0	0	0	0	0	0	0	
0	0	0	0	0	13	23	60	69	132	217	291	390	491	624	660	756	833	870	899	935	952	923	930	881	867	805	755	733	661	658	579	467	388	350	270	242	191	226	198	195	138	91	81	48	24	30	37	27	30	39	26	24	21	30	27	28	20	30	39	33	34	44	28	22	28	20	10	27	21	11	14	21	24	21	16	25	25	25	24	26	29	18	30	18	25	27	19	25	28	29	25	25	20	31	28	0	0	0	0	0	0	0	0	0	0	0	0	0	0	0	0	0	0	0	0	0	0	0	0	0	0	0	0	0	0	0	0	0	0	0	0	0	0	0	0	
0	0	0	0	0	7	19	28	68	79	93	156	241	309	392	478	549	614	681	718	769	813	793	798	787	795	713	672	597	549	545	525	433	372	336	279	238	220	167	162	141	135	138	120	108	121	95	77	55	37	17	22	27	14	13	21	22	17	19	23	25	19	24	37	17	20	18	16	19	29	18	15	17	22	9	14	17	19	19	33	25	23	14	25	20	16	15	30	28	20	33	26	24	26	23	29	0	0	0	0	0	0	0	0	0	0	0	0	0	0	0	0	0	0	0	0	0	0	0	0	0	0	0	0	0	0	0	0	0	0	0	0	0	0	0	0	
0	0	0	0	0	3	11	17	27	53	69	92	149	186	252	259	323	376	465	474	489	584	570	594	613	556	493	431	393	349	363	319	296	267	232	233	225	208	207	191	158	156	134	122	107	111	90	104	106	101	84	73	54	44	30	21	25	20	19	14	14	25	21	18	22	20	15	21	23	21	17	18	18	14	13	14	14	14	14	16	12	13	16	7	14	14	18	14	8	16	12	21	20	20	22	17	0	0	0	0	0	0	0	0	0	0	0	0	0	0	0	0	0	0	0	0	0	0	0	0	0	0	0	0	0	0	0	0	0	0	0	0	0	0	0	0	
0	0	0	0	0	4	9	9	15	25	32	55	83	122	148	201	238	284	340	347	387	421	422	433	406	414	357	323	286	263	254	215	207	176	160	164	139	146	155	156	158	166	167	149	126	142	119	91	77	101	102	104	92	81	87	82	68	39	31	25	15	11	13	10	12	10	19	14	12	14	7	7	15	19	9	12	18	14	16	21	17	17	18	11	13	16	11	15	18	10	9	17	15	16	18	10	0	0	0	0	0	0	0	0	0	0	0	0	0	0	0	0	0	0	0	0	0	0	0	0	0	0	0	0	0	0	0	0	0	0	0	0	0	0	0	0	
0	0	0	0	0	3	2	3	4	12	24	25	34	46	83	103	142	181	223	236	264	285	319	312	341	305	281	256	213	196	188	158	155	129	132	127	134	113	111	119	101	116	111	109	100	105	117	115	106	96	113	111	99	98	92	90	83	74	88	68	73	54	55	33	25	14	13	18	14	13	10	18	17	17	13	16	12	11	16	17	14	10	13	16	10	10	14	15	10	15	17	12	12	16	12	14	0	0	0	0	0	0	0	0	0	0	0	0	0	0	0	0	0	0	0	0	0	0	0	0	0	0	0	0	0	0	0	0	0	0	0	0	0	0	0	0	
0	0	0	0	0	1	2	5	3	4	5	12	15	27	41	52	73	92	117	127	169	198	214	226	220	215	200	199	164	157	170	133	116	100	85	90	85	77	87	103	74	82	88	75	79	78	74	101	92	86	98	110	118	107	108	101	96	80	83	81	68	70	71	64	58	65	46	38	33	22	11	12	16	5	13	7	15	7	10	6	14	11	8	14	12	18	16	10	10	15	12	15	14	15	11	7	0	0	0	0	0	0	0	0	0	0	0	0	0	0	0	0	0	0	0	0	0	0	0	0	0	0	0	0	0	0	0	0	0	0	0	0	0	0	0	0	
0	0	0	0	0	0	0	2	4	2	3	4	6	11	21	23	41	46	57	55	74	99	123	138	127	159	136	121	138	119	128	99	83	78	60	70	64	62	72	63	52	42	62	56	41	56	51	53	62	62	63	56	76	78	77	77	66	99	83	104	96	77	65	59	59	57	69	62	61	51	61	37	40	26	16	8	9	12	6	12	13	9	12	13	12	15	9	17	13	7	6	6	13	8	5	12	0	0	0	0	0	0	0	0	0	0	0	0	0	0	0	0	0	0	0	0	0	0	0	0	0	0	0	0	0	0	0	0	0	0	0	0	0	0	0	0	
0	0	0	0	0	0	0	0	0	1	1	1	4	8	8	12	14	15	18	28	40	49	55	62	62	83	75	78	66	80	89	87	63	66	55	59	46	46	50	44	43	54	45	46	34	38	49	57	53	56	40	50	48	56	55	53	53	70	70	53	61	79	79	67	79	73	65	60	74	56	52	69	67	52	44	38	45	36	29	18	9	8	8	7	12	18	7	9	12	11	12	17	12	13	4	8	0	0	0	0	0	0	0	0	0	0	0	0	0	0	0	0	0	0	0	0	0	0	0	0	0	0	0	0	0	0	0	0	0	0	0	0	0	0	0	0	
0	0	0	0	0	0	0	0	0	0	1	1	2	1	2	3	7	8	12	11	13	23	27	24	32	37	42	36	41	34	43	46	48	54	48	37	29	30	30	48	45	43	36	25	33	25	38	27	28	38	29	33	30	32	32	25	35	46	46	40	39	51	41	51	62	67	71	69	57	66	66	54	58	37	46	51	48	46	59	38	40	41	26	24	7	9	9	8	8	7	6	8	7	13	13	5	0	0	0	0	0	0	0	0	0	0	0	0	0	0	0	0	0	0	0	0	0	0	0	0	0	0	0	0	0	0	0	0	0	0	0	0	0	0	0	0	
0	0	0	0	0	0	0	0	0	0	0	0	0	1	2	0	0	3	1	3	7	11	7	13	13	16	11	10	12	12	15	17	23	31	15	15	16	23	14	18	21	26	25	23	27	22	26	22	20	19	18	18	21	30	17	13	15	25	24	23	22	30	33	30	36	35	35	44	29	42	43	35	39	44	49	54	33	42	33	33	34	37	30	24	25	28	24	18	13	13	6	10	4	8	7	10	0	0	0	0	0	0	0	0	0	0	0	0	0	0	0	0	0	0	0	0	0	0	0	0	0	0	0	0	0	0	0	0	0	0	0	0	0	0	0	0	
0	0	0	0	0	0	0	0	0	0	0	0	0	0	1	2	0	0	1	0	0	1	2	4	6	10	3	4	3	7	8	7	8	5	7	8	4	11	11	14	13	11	11	10	12	10	17	18	12	20	23	10	16	23	15	17	12	13	15	11	12	9	15	14	19	13	23	22	29	28	28	25	24	34	47	27	35	39	29	40	29	33	35	28	33	22	25	21	26	18	17	13	13	11	5	4	0	0	0	0	0	0	0	0	0	0	0	0	0	0	0	0	0	0	0	0	0	0	0	0	0	0	0	0	0	0	0	0	0	0	0	0	0	0	0	0	
0	0	0	0	0	0	0	0	0	0	0	0	0	0	0	0	0	1	1	0	0	1	0	0	1	3	0	1	1	3	4	4	3	3	4	4	0	1	6	4	5	5	4	7	5	4	1	1	4	7	11	10	7	3	9	7	7	4	16	11	5	6	8	12	7	12	15	16	9	15	13	7	11	15	20	14	18	23	14	21	23	26	15	17	24	23	27	23	14	19	18	17	14	13	13	13	0	0	0	0	0	0	0	0	0	0	0	0	0	0	0	0	0	0	0	0	0	0	0	0	0	0	0	0	0	0	0	0	0	0	0	0	0	0	0	0	
0	0	0	0	0	0	0	0	0	0	0	0	0	0	0	1	1	1	1	1	1	0	0	1	0	0	1	2	1	1	1	0	1	1	0	0	0	0	0	0	0	0	1	0	3	4	2	2	5	4	2	4	1	3	3	5	3	9	5	5	5	3	5	4	1	1	6	7	9	6	3	3	6	7	2	6	5	10	4	11	8	8	12	13	14	13	11	18	14	11	9	13	7	3	4	14	0	0	0	0	0	0	0	0	0	0	0	0	0	0	0	0	0	0	0	0	0	0	0	0	0	0	0	0	0	0	0	0	0	0	0	0	0	0	0	0	
0	0	0	0	0	0	0	0	0	0	0	0	0	0	0	0	0	0	0	0	0	0	0	0	0	0	0	0	0	0	0	0	0	0	0	0	0	0	0	0	0	0	1	1	0	0	0	0	0	1	2	2	1	0	0	2	2	2	1	4	4	1	2	4	3	7	4	4	6	5	7	6	6	5	7	9	5	1	4	1	4	5	5	6	5	4	6	5	7	11	12	11	10	12	8	6	0	0	0	0	0	0	0	0	0	0	0	0	0	0	0	0	0	0	0	0	0	0	0	0	0	0	0	0	0	0	0	0	0	0	0	0	0	0	0	0	
0	0	0	0	0	0	0	0	0	0	0	0	0	0	0	0	0	0	0	0	0	0	0	0	0	0	0	0	0	0	0	0	0	0	0	0	0	0	0	0	0	0	0	0	0	0	0	0	0	0	0	0	0	0	0	0	0	0	0	0	0	0	0	0	0	0	0	0	0	0	0	0	0	0	0	0	0	0	0	0	0	0	0	0	0	0	0	0	0	0	0	0	0	0	0	0	0	0	0	0	0	0	0	0	0	0	0	0	0	0	0	0	0	0	0	0	0	0	0	0	0	0	0	0	0	0	0	0	0	0	0	0	0	0	0	0	
0	0	0	0	0	0	0	0	0	0	0	0	0	0	0	0	0	0	0	0	0	0	0	0	0	0	0	0	0	0	0	0	0	0	0	0	0	0	0	0	0	0	0	0	0	0	0	0	0	0	0	0	0	0	0	0	0	0	0	0	0	0	0	0	0	0	0	0	0	0	0	0	0	0	0	0	0	0	0	0	0	0	0	0	0	0	0	0	0	0	0	0	0	0	0	0	0	0	0	0	0	0	0	0	0	0	0	0	0	0	0	0	0	0	0	0	0	0	0	0	0	0	0	0	0	0	0	0	0	0	0	0	0	0	0	0	
0	368	317	324	348	346	359	373	365	385	413	435	447	424	452	439	436	429	448	483	451	420	433	424	398	410	390	368	365	383	356	405	367	325	310	309	320	296	315	297	304	310	318	314	297	324	319	297	302	327	310	320	294	322	319	310	305	301	303	303	291	271	295	305	289	295	272	260	292	310	310	309	316	297	319	290	295	298	284	318	318	300	286	268	277	278	278	287	286	277	303	305	285	284	305	302	0	0	0	0	0	0	0	0	0	0	0	0	0	0	0	0	0	0	0	0	0	0	0	0	0	0	0	0	0	0	0	0	0	0	0	0	0	0	0	0	
0	3157	2838	2838	2918	2966	3085	3144	3370	3274	3217	3261	3197	3197	3284	3257	3306	3237	3414	3550	3636	3668	3737	3817	3851	3724	3670	3514	3440	3201	3137	3063	3011	3064	3127	3203	3065	2957	2957	2855	2682	2740	2687	2748	2744	2812	2942	2796	2859	2827	2896	2906	2829	2924	2966	2879	2832	2748	2755	2777	2767	2718	2649	2725	2703	2683	2645	2706	2720	2670	2670	2673	2707	2617	2700	2723	2756	2658	2804	2834	2762	2716	2658	2690	2720	2776	2815	2688	2733	2855	2640	2637	2615	2574	2653	2626	0	0	0	0	0	0	0	0	0	0	0	0	0	0	0	0	0	0	0	0	0	0	0	0	0	0	0	0	0	0	0	0	0	0	0	0	0	0	0	0	
0	4450	4090	3812	3725	3718	3888	3982	4184	4300	4258	4182	4070	4025	3959	3813	3833	3690	3756	3895	3909	4018	4122	4334	4479	4520	4573	4700	4750	4750	4689	4529	4365	4201	4168	4139	4141	4161	4112	4152	4129	3975	3847	3683	3629	3374	3505	3543	3496	3656	3596	3584	3649	3661	3697	3737	3788	3769	3673	3745	3691	3600	3655	3524	3531	3571	3551	3547	3508	3504	3536	3474	3466	3472	3514	3421	3540	3613	3635	3719	3656	3591	3511	3575	3507	3565	3616	3664	3560	3528	3531	3517	3536	3428	3530	3464	0	0	0	0	0	0	0	0	0	0	0	0	0	0	0	0	0	0	0	0	0	0	0	0	0	0	0	0	0	0	0	0	0	0	0	0	0	0	0	0	
0	3090	2929	2930	2935	3004	3038	3070	3089	3070	3059	3090	2982	2877	2811	2702	2686	2538	2485	2478	2476	2532	2577	2525	2573	2578	2717	2870	2915	3016	3251	3216	3234	3348	3408	3273	3296	3113	3047	2939	2963	3029	3010	3040	3030	3091	2933	2784	2645	2545	2450	2465	2465	2458	2487	2547	2630	2550	2668	2642	2783	2714	2684	2683	2619	2663	2644	2569	2508	2576	2511	2542	2537	2599	2528	2513	2472	2559	2637	2569	2540	2565	2510	2518	2578	2649	2621	2596	2537	2558	2524	2537	2555	2502	2511	2531	0	0	0	0	0	0	0	0	0	0	0	0	0	0	0	0	0	0	0	0	0	0	0	0	0	0	0	0	0	0	0	0	0	0	0	0	0	0	0	0	
0	2199	2170	2223	2246	2324	2412	2347	2450	2472	2479	2552	2464	2340	2310	2233	2148	2137	1968	1882	1824	1806	1826	1812	1712	1709	1681	1771	1745	1734	1782	1945	1966	2101	2218	2311	2377	2410	2445	2500	2460	2408	2325	2366	2336	2350	2343	2372	2451	2391	2319	2265	2180	2045	1991	1883	1901	1973	1942	1932	2003	2045	2063	2047	1960	2081	2045	2041	2093	2132	2040	2011	2026	1978	2065	2073	2050	1994	2015	1949	1933	1970	1970	1923	1990	1995	2078	2065	2035	2048	2050	1918	1957	2003	1989	2006	0	0	0	0	0	0	0	0	0	0	0	0	0	0	0	0	0	0	0	0	0	0	0	0	0	0	0	0	0	0	0	0	0	0	0	0	0	0	0	0	
0	1672	1575	1594	1697	1769	1850	1913	2007	1983	2053	2102	2133	2110	2060	2061	2073	1961	1863	1802	1699	1624	1562	1511	1466	1426	1371	1373	1403	1404	1322	1374	1385	1346	1430	1420	1545	1694	1768	1864	1981	2022	2099	2138	2208	2239	2147	2032	2039	1983	1989	2062	2052	2051	2175	2154	1982	1903	1837	1652	1693	1735	1751	1734	1732	1724	1754	1712	1684	1741	1795	1820	1844	1815	1796	1878	1754	1695	1750	1775	1765	1706	1734	1753	1675	1718	1784	1680	1759	1715	1822	1784	1739	1731	1790	1797	0	0	0	0	0	0	0	0	0	0	0	0	0	0	0	0	0	0	0	0	0	0	0	0	0	0	0	0	0	0	0	0	0	0	0	0	0	0	0	0	
0	1246	1219	1248	1299	1369	1381	1471	1481	1590	1677	1716	1745	1835	1840	1803	1792	1778	1726	1823	1742	1620	1603	1526	1461	1400	1312	1284	1188	1244	1196	1201	1164	1215	1238	1249	1238	1223	1276	1351	1402	1477	1524	1562	1719	1815	1800	1923	1932	2000	2009	1957	1913	1791	1816	1867	1839	1869	1898	1946	1914	1859	1695	1616	1494	1545	1512	1554	1522	1538	1523	1523	1518	1561	1647	1564	1649	1592	1612	1587	1562	1562	1584	1560	1544	1514	1518	1563	1536	1510	1596	1554	1580	1546	1567	1547	0	0	0	0	0	0	0	0	0	0	0	0	0	0	0	0	0	0	0	0	0	0	0	0	0	0	0	0	0	0	0	0	0	0	0	0	0	0	0	0	
0	1092	1093	1078	1072	1098	1077	1170	1136	1272	1292	1299	1360	1344	1451	1474	1549	1558	1546	1584	1558	1506	1523	1441	1489	1470	1406	1322	1260	1221	1190	1112	1135	1082	1088	1100	1117	1116	1094	1101	1069	1079	1105	1159	1200	1256	1240	1390	1412	1584	1672	1570	1728	1806	1847	1790	1742	1739	1711	1666	1676	1677	1715	1684	1738	1714	1584	1573	1465	1394	1354	1400	1388	1354	1375	1365	1424	1386	1396	1444	1476	1428	1433	1400	1393	1404	1358	1388	1378	1389	1468	1374	1463	1438	1363	1359	0	0	0	0	0	0	0	0	0	0	0	0	0	0	0	0	0	0	0	0	0	0	0	0	0	0	0	0	0	0	0	0	0	0	0	0	0	0	0	0	
0	868	875	915	889	972	936	966	950	977	988	1044	1032	1117	1141	1160	1195	1220	1212	1233	1254	1322	1258	1394	1414	1276	1274	1303	1232	1222	1214	1215	1129	1069	1028	996	1013	1000	998	971	967	998	982	990	1011	963	1007	1007	1059	1074	1125	1234	1289	1328	1439	1453	1511	1538	1654	1684	1676	1632	1624	1521	1489	1539	1521	1526	1560	1591	1567	1502	1491	1335	1333	1194	1246	1229	1252	1208	1304	1318	1282	1245	1293	1243	1255	1324	1305	1327	1265	1251	1271	1193	1256	1289	0	0	0	0	0	0	0	0	0	0	0	0	0	0	0	0	0	0	0	0	0	0	0	0	0	0	0	0	0	0	0	0	0	0	0	0	0	0	0	0	
0	741	747	758	799	756	794	789	905	895	971	962	899	932	956	937	1002	1001	1004	1011	973	1025	1019	1064	1090	1116	1081	1062	1104	1098	1073	1129	1097	1012	1040	1044	976	1061	978	936	884	852	885	875	830	921	881	915	906	844	861	926	940	919	987	1001	1082	1177	1211	1301	1360	1399	1385	1461	1462	1432	1481	1393	1379	1318	1364	1351	1320	1368	1426	1404	1296	1247	1226	1149	1077	1053	1096	1113	1115	1141	1130	1143	1167	1151	1160	1194	1169	1162	1094	1109	0	0	0	0	0	0	0	0	0	0	0	0	0	0	0	0	0	0	0	0	0	0	0	0	0	0	0	0	0	0	0	0	0	0	0	0	0	0	0	0	
0	460	522	587	582	599	604	661	687	738	745	756	764	783	829	883	883	843	837	807	795	777	732	764	779	808	836	872	869	898	953	870	827	896	902	851	882	923	969	939	927	879	840	780	795	797	755	800	805	805	772	757	766	777	714	774	782	787	817	857	931	978	1002	1048	1108	1126	1183	1230	1230	1233	1234	1226	1240	1187	1121	1214	1205	1170	1238	1210	1190	1161	1118	1081	990	879	901	923	888	947	980	964	968	939	956	959	0	0	0	0	0	0	0	0	0	0	0	0	0	0	0	0	0	0	0	0	0	0	0	0	0	0	0	0	0	0	0	0	0	0	0	0	0	0	0	0	
0	460	471	451	422	417	396	424	498	502	535	565	601	614	598	643	636	642	666	696	703	677	669	689	657	646	663	662	705	641	692	701	743	714	770	759	736	763	745	717	748	746	732	711	719	746	723	699	660	665	656	632	642	643	653	603	609	643	588	609	629	662	678	697	729	761	818	800	870	914	977	1013	1026	1046	1076	1052	1066	991	1038	968	1000	1009	1032	1015	1025	1046	990	884	859	806	773	761	760	726	697	754	0	0	0	0	0	0	0	0	0	0	0	0	0	0	0	0	0	0	0	0	0	0	0	0	0	0	0	0	0	0	0	0	0	0	0	0	0	0	0	0	
0	272	274	307	330	349	394	384	309	345	345	337	361	393	428	437	488	508	521	501	494	468	491	482	509	527	531	507	490	488	473	487	500	507	485	532	553	538	533	571	582	583	554	601	576	550	576	606	579	595	582	569	533	562	515	503	497	494	477	470	521	497	505	487	489	505	491	557	568	566	569	601	677	725	743	767	784	823	852	864	868	836	805	776	772	775	750	786	769	785	771	732	746	667	586	586	0	0	0	0	0	0	0	0	0	0	0	0	0	0	0	0	0	0	0	0	0	0	0	0	0	0	0	0	0	0	0	0	0	0	0	0	0	0	0	0	
0	90	115	143	151	166	183	194	203	239	245	254	240	243	237	241	233	223	281	291	274	326	334	349	317	356	352	367	373	359	375	363	368	333	343	341	337	346	340	343	335	370	368	397	416	404	410	443	407	422	443	410	406	385	427	415	427	407	382	352	358	366	356	358	361	382	374	371	350	334	349	393	378	399	416	416	457	452	489	545	551	562	592	597	604	567	567	569	570	549	519	547	510	530	601	580	0	0	0	0	0	0	0	0	0	0	0	0	0	0	0	0	0	0	0	0	0	0	0	0	0	0	0	0	0	0	0	0	0	0	0	0	0	0	0	0	
0	13	21	25	40	37	45	73	66	91	102	107	92	118	125	136	164	148	140	148	125	125	138	169	185	192	199	212	220	218	216	215	226	211	227	240	223	235	227	253	226	207	226	226	215	241	238	252	259	245	242	256	278	256	242	229	235	244	256	275	248	259	241	221	242	226	245	223	216	218	209	219	230	222	226	223	241	220	222	247	217	272	283	305	301	347	376	372	374	395	391	380	355	311	318	351	0	0	0	0	0	0	0	0	0	0	0	0	0	0	0	0	0	0	0	0	0	0	0	0	0	0	0	0	0	0	0	0	0	0	0	0	0	0	0	0	
0	0	0	0	3	6	9	12	17	16	15	25	45	43	49	53	73	83	82	78	96	101	99	94	93	106	118	117	118	120	138	147	144	148	140	155	160	167	172	188	190	162	201	177	178	187	186	187	187	210	203	205	196	173	212	220	210	208	220	198	208	220	225	224	243	227	200	216	217	203	212	224	227	200	201	196	187	199	209	190	191	196	206	220	240	208	215	226	234	250	245	280	273	295	310	313	0	0	0	0	0	0	0	0	0	0	0	0	0	0	0	0	0	0	0	0	0	0	0	0	0	0	0	0	0	0	0	0	0	0	0	0	0	0	0	0	
0	0	0	0	0	0	0	0	0	0	0	0	0	0	0	0	0	0	0	0	0	0	0	0	0	0	0	0	0	0	0	0	0	0	0	0	0	0	0	0	0	0	0	0	0	0	0	0	0	0	0	0	0	0	0	0	0	0	0	0	0	0	0	0	0	0	0	0	0	0	0	0	0	0	0	0	0	0	0	0	0	0	0	0	0	0	0	0	0	0	0	0	0	0	0	0	0	0	0	0	0	0	0	0	0	0	0	0	0	0	0	0	0	0	0	0	0	0	0	0	0	0	0	0	0	0	0	0	0	0	0	0	0	0	0	0	
0	0	0	0	0	0	0	0	0	0	0	0	0	0	0	0	0	0	0	0	0	0	0	0	0	0	0	0	0	0	0	0	0	0	0	0	0	0	0	0	0	0	0	0	0	0	0	0	0	0	0	0	0	0	0	0	0	0	0	0	0	0	0	0	0	0	0	0	0	0	0	0	0	0	0	0	0	0	0	0	0	0	0	0	0	0	0	0	0	0	0	0	0	0	0	0	0	0	0	0	0	0	0	0	0	0	0	0	0	0	0	0	0	0	0	0	0	0	0	0	0	0	0	0	0	0	0	0	0	0	0	0	0	0	0	0	
0	0	0	0	0	0	0	0	0	0	0	0	0	0	0	0	0	0	0	0	0	0	0	0	0	2	6	9	5	4	7	5	7	9	13	5	15	14	22	23	15	15	19	16	13	16	20	12	13	11	13	16	18	13	17	15	18	19	16	13	13	22	13	14	13	13	13	16	13	10	11	15	13	12	9	15	22	10	9	10	12	9	13	12	7	8	13	12	13	10	8	13	11	14	13	12	0	0	0	0	0	0	0	0	0	0	0	0	0	0	0	0	0	0	0	0	0	0	0	0	0	0	0	0	0	0	0	0	0	0	0	0	0	0	0	0	
0	0	0	0	0	0	0	0	0	0	0	0	0	0	0	0	1	3	3	3	5	10	31	27	41	77	116	115	128	135	129	178	214	193	195	188	208	206	208	203	187	195	196	207	208	239	217	241	236	217	220	191	198	181	180	216	206	200	182	187	170	180	171	159	162	144	145	130	160	167	156	158	151	153	160	147	131	127	135	142	130	142	156	155	130	142	159	150	118	143	123	139	147	152	135	152	0	0	0	0	0	0	0	0	0	0	0	0	0	0	0	0	0	0	0	0	0	0	0	0	0	0	0	0	0	0	0	0	0	0	0	0	0	0	0	0	
0	0	0	0	0	0	0	0	0	0	0	0	0	0	0	0	6	5	8	7	33	71	111	178	242	342	561	698	787	815	776	811	957	978	1008	913	869	860	796	799	714	704	654	594	590	571	577	577	561	562	524	566	564	544	509	557	544	511	525	521	537	517	513	468	476	429	420	415	456	470	431	445	433	459	450	440	435	426	454	443	395	399	406	419	469	476	454	433	408	412	428	430	433	445	382	399	0	0	0	0	0	0	0	0	0	0	0	0	0	0	0	0	0	0	0	0	0	0	0	0	0	0	0	0	0	0	0	0	0	0	0	0	0	0	0	0	
0	0	0	0	0	0	0	0	0	0	0	0	0	0	0	0	3	6	9	13	38	81	162	257	363	496	740	932	1146	1278	1359	1417	1630	1702	1639	1627	1591	1474	1334	1213	1186	1085	1084	1020	944	885	819	764	745	755	697	665	685	690	662	660	648	617	665	663	657	669	657	672	648	619	599	577	547	567	586	575	557	509	530	488	544	527	535	507	527	529	517	533	517	490	508	587	542	578	550	521	541	519	520	505	0	0	0	0	0	0	0	0	0	0	0	0	0	0	0	0	0	0	0	0	0	0	0	0	0	0	0	0	0	0	0	0	0	0	0	0	0	0	0	0	
0	0	0	0	0	0	0	0	0	0	0	0	0	0	0	0	4	3	6	12	26	70	121	182	253	408	675	813	972	1117	1176	1317	1468	1588	1618	1694	1749	1758	1707	1658	1653	1557	1406	1348	1276	1180	1083	1006	960	926	934	871	784	718	708	676	672	674	722	683	715	706	686	719	687	693	691	638	640	649	620	602	631	590	596	602	553	574	564	549	581	568	544	524	546	552	531	553	554	582	544	581	590	565	588	602	0	0	0	0	0	0	0	0	0	0	0	0	0	0	0	0	0	0	0	0	0	0	0	0	0	0	0	0	0	0	0	0	0	0	0	0	0	0	0	0	
0	0	0	0	0	0	0	0	0	0	0	0	0	0	0	0	1	3	3	6	16	38	72	136	235	312	527	648	762	865	908	1015	1092	1184	1295	1329	1412	1505	1533	1634	1679	1673	1629	1691	1644	1568	1494	1382	1313	1181	1143	1024	1055	1031	974	882	802	786	754	695	676	673	710	751	716	718	724	710	726	721	721	704	659	633	675	680	665	669	605	631	619	583	565	582	599	589	601	543	605	583	593	594	613	567	542	591	0	0	0	0	0	0	0	0	0	0	0	0	0	0	0	0	0	0	0	0	0	0	0	0	0	0	0	0	0	0	0	0	0	0	0	0	0	0	0	0	
0	0	0	0	0	0	0	0	0	0	0	0	0	0	0	0	1	1	3	6	11	36	63	101	155	207	361	456	575	642	668	798	847	914	939	1002	1023	1105	1178	1157	1261	1253	1295	1460	1488	1497	1537	1523	1529	1502	1484	1415	1280	1214	1133	1087	1022	1043	944	963	907	819	779	769	703	679	709	674	697	718	688	720	692	721	664	682	690	678	682	659	659	639	636	617	577	620	617	600	620	597	575	591	570	589	628	586	0	0	0	0	0	0	0	0	0	0	0	0	0	0	0	0	0	0	0	0	0	0	0	0	0	0	0	0	0	0	0	0	0	0	0	0	0	0	0	0	
0	0	0	0	0	0	0	0	0	0	0	0	0	0	0	0	0	0	1	2	5	18	39	83	111	172	263	365	439	483	497	578	640	706	678	710	749	764	786	842	910	939	978	1073	1089	1182	1189	1226	1269	1343	1398	1418	1392	1383	1343	1305	1250	1110	1105	1033	983	952	923	912	855	822	795	730	695	671	642	662	654	708	686	695	670	712	682	616	692	682	618	683	649	629	587	612	596	574	579	592	556	558	594	546	0	0	0	0	0	0	0	0	0	0	0	0	0	0	0	0	0	0	0	0	0	0	0	0	0	0	0	0	0	0	0	0	0	0	0	0	0	0	0	0	
0	0	0	0	0	0	0	0	0	0	0	0	0	0	0	0	0	2	0	1	1	10	14	22	58	101	172	259	318	347	375	437	482	551	567	558	539	568	577	602	660	700	684	704	767	765	851	848	908	928	962	1077	1107	1103	1136	1165	1240	1209	1206	1190	1139	1118	998	987	912	861	854	846	838	813	779	702	684	652	646	570	568	595	631	639	640	569	583	621	587	547	589	575	588	587	574	580	570	538	557	538	0	0	0	0	0	0	0	0	0	0	0	0	0	0	0	0	0	0	0	0	0	0	0	0	0	0	0	0	0	0	0	0	0	0	0	0	0	0	0	0	
0	0	0	0	0	0	0	0	0	0	0	0	0	0	0	0	0	0	0	0	1	2	10	22	33	44	102	140	172	216	254	296	340	394	397	401	446	464	469	441	448	452	487	505	528	556	574	592	589	634	651	695	752	759	803	832	908	889	951	950	995	1057	1055	1019	1027	1019	922	908	876	819	774	728	729	706	725	683	596	559	573	546	514	516	511	524	524	509	510	559	536	547	524	505	496	507	538	492	0	0	0	0	0	0	0	0	0	0	0	0	0	0	0	0	0	0	0	0	0	0	0	0	0	0	0	0	0	0	0	0	0	0	0	0	0	0	0	0	
0	0	0	0	0	0	0	0	0	0	0	0	0	0	0	0	0	0	0	0	2	4	4	12	14	21	28	60	84	121	117	146	197	223	249	264	301	287	310	309	366	369	324	376	378	388	394	426	445	443	449	448	459	468	530	535	570	614	642	650	673	691	719	776	758	757	824	839	830	836	815	753	742	688	669	615	630	648	588	596	535	502	439	455	425	426	399	431	444	463	432	454	459	451	445	453	0	0	0	0	0	0	0	0	0	0	0	0	0	0	0	0	0	0	0	0	0	0	0	0	0	0	0	0	0	0	0	0	0	0	0	0	0	0	0	0	
0	0	0	0	0	0	0	0	0	0	0	0	0	0	0	0	0	0	0	0	0	0	1	4	8	5	24	26	47	50	57	64	84	90	132	140	151	170	198	188	233	237	243	258	271	282	259	298	283	287	300	323	320	326	322	334	353	406	391	387	410	465	490	506	544	560	598	641	595	597	637	725	719	717	718	671	625	597	580	507	541	517	545	483	460	441	404	373	346	321	312	340	366	370	390	362	0	0	0	0	0	0	0	0	0	0	0	0	0	0	0	0	0	0	0	0	0	0	0	0	0	0	0	0	0	0	0	0	0	0	0	0	0	0	0	0	
0	0	0	0	0	0	0	0	0	0	0	0	0	0	0	0	0	0	0	0	0	0	0	1	1	4	5	6	17	22	31	29	33	37	41	45	64	82	80	89	104	124	145	137	155	163	175	165	190	205	205	220	212	225	244	231	232	236	240	251	242	265	276	296	311	309	326	343	390	403	412	425	425	466	483	497	523	512	504	516	506	455	424	407	393	405	371	387	361	350	298	295	252	246	267	237	0	0	0	0	0	0	0	0	0	0	0	0	0	0	0	0	0	0	0	0	0	0	0	0	0	0	0	0	0	0	0	0	0	0	0	0	0	0	0	0	
0	0	0	0	0	0	0	0	0	0	0	0	0	0	0	0	0	0	0	0	0	0	0	0	1	1	3	4	4	4	9	10	11	17	21	13	16	30	32	42	39	46	63	69	77	67	83	87	97	92	94	122	116	120	143	140	159	151	149	154	159	165	158	170	174	167	165	176	179	183	186	198	240	237	260	261	261	293	298	318	306	348	318	335	345	333	310	277	267	264	263	233	255	249	237	222	0	0	0	0	0	0	0	0	0	0	0	0	0	0	0	0	0	0	0	0	0	0	0	0	0	0	0	0	0	0	0	0	0	0	0	0	0	0	0	0	
0	0	0	0	0	0	0	0	0	0	0	0	0	0	0	0	0	0	0	0	0	0	0	0	0	0	1	2	2	2	2	2	2	2	3	11	7	5	8	7	12	9	12	17	25	25	31	30	28	45	52	48	64	63	70	62	65	80	82	82	85	91	95	100	107	95	86	106	98	90	106	91	84	109	122	114	128	142	140	133	144	141	162	189	185	186	226	200	207	205	198	200	158	144	148	139	0	0	0	0	0	0	0	0	0	0	0	0	0	0	0	0	0	0	0	0	0	0	0	0	0	0	0	0	0	0	0	0	0	0	0	0	0	0	0	0	
0	0	0	0	0	0	0	0	0	0	0	0	0	0	0	0	0	0	0	0	0	0	0	0	0	0	0	1	1	1	0	2	1	1	0	0	0	1	0	2	2	4	4	3	3	2	6	8	14	16	16	18	29	30	22	28	37	38	34	40	48	49	47	45	47	50	51	51	50	57	58	70	58	75	72	78	65	73	73	65	89	94	81	81	84	97	104	115	114	106	123	134	136	138	144	143	0	0	0	0	0	0	0	0	0	0	0	0	0	0	0	0	0	0	0	0	0	0	0	0	0	0	0	0	0	0	0	0	0	0	0	0	0	0	0	0	
0	0	0	0	0	0	0	0	0	0	0	0	0	0	0	0	0	0	0	0	0	0	0	0	0	0	0	0	0	0	0	0	0	0	0	0	0	0	0	0	0	0	0	0	0	0	0	0	0	0	0	0	0	0	0	0	0	0	0	0	0	0	0	0	0	0	0	0	0	0	0	0	0	0	0	0	0	0	0	0	0	0	0	0	0	0	0	0	0	0	0	0	0	0	0	0	0	0	0	0	0	0	0	0	0	0	0	0	0	0	0	0	0	0	0	0	0	0	0	0	0	0	0	0	0	0	0	0	0	0	0	0	0	0	0	0	
0	0	0	0	0	0	0	0	0	0	0	0	0	0	0	0	0	0	0	0	0	0	0	0	0	0	0	0	0	0	0	0	0	0	0	0	0	0	0	0	0	0	0	0	0	0	0	0	0	0	0	0	0	0	0	0	0	0	0	0	0	0	0	0	0	0	0	0	0	0	0	0	0	0	0	0	0	0	0	0	0	0	0	0	0	0	0	0	0	0	0	0	0	0	0	0	0	0	0	0	0	0	0	0	0	0	0	0	0	0	0	0	0	0	0	0	0	0	0	0	0	0	0	0	0	0	0	0	0	0	0	0	0	0	0	0	
0	0	0	0	0	0	1	2	3	8	15	27	29	40	47	52	50	52	46	41	42	45	37	31	29	32	31	34	32	31	33	29	25	27	25	19	11	13	14	11	11	8	10	8	14	9	5	6	9	6	8	8	6	1	9	7	5	6	4	8	5	8	6	6	4	8	12	8	8	5	10	7	8	7	6	6	4	3	7	5	3	7	5	8	7	6	6	5	6	4	4	8	7	9	5	6	0	0	0	0	0	0	0	0	0	0	0	0	0	0	0	0	0	0	0	0	0	0	0	0	0	0	0	0	0	0	0	0	0	0	0	0	0	0	0	0	
0	0	0	0	0	29	47	94	116	205	331	466	607	741	807	952	987	1034	1022	1059	1072	1103	1045	1037	1058	979	886	812	717	707	673	571	496	445	443	412	362	315	305	268	250	207	230	219	220	215	210	206	212	191	192	172	168	168	189	168	157	180	154	158	161	154	148	135	133	141	128	146	150	140	169	147	168	155	131	159	147	145	138	177	173	183	152	154	151	157	127	125	167	147	153	144	140	156	152	155	0	0	0	0	0	0	0	0	0	0	0	0	0	0	0	0	0	0	0	0	0	0	0	0	0	0	0	0	0	0	0	0	0	0	0	0	0	0	0	0	
0	0	0	0	0	27	62	156	212	356	588	814	1042	1367	1723	1924	2122	2332	2443	2520	2586	2661	2654	2631	2558	2497	2310	2155	2021	1897	1824	1631	1308	1144	910	858	752	701	652	603	513	497	421	430	389	355	368	372	357	349	390	350	360	335	359	348	324	320	335	371	327	303	317	265	268	314	288	275	286	275	273	290	300	277	293	266	281	281	262	249	285	277	300	336	311	326	319	289	308	306	276	291	278	264	290	306	0	0	0	0	0	0	0	0	0	0	0	0	0	0	0	0	0	0	0	0	0	0	0	0	0	0	0	0	0	0	0	0	0	0	0	0	0	0	0	0	
0	0	0	0	0	28	64	94	163	230	338	529	788	986	1270	1535	1781	1938	2069	2231	2372	2499	2464	2499	2395	2360	2028	2010	1800	1685	1663	1551	1316	1148	1082	920	800	695	632	566	508	484	428	386	389	350	344	335	325	311	293	294	289	297	314	299	275	318	303	264	278	278	290	266	250	266	252	267	270	277	267	243	235	242	221	225	210	245	230	252	227	232	231	248	232	223	230	246	261	264	252	250	241	239	234	244	0	0	0	0	0	0	0	0	0	0	0	0	0	0	0	0	0	0	0	0	0	0	0	0	0	0	0	0	0	0	0	0	0	0	0	0	0	0	0	0	
0	0	0	0	0	17	32	56	83	152	226	320	463	624	807	937	1129	1262	1462	1635	1708	1785	1765	1775	1820	1693	1498	1352	1227	1103	1100	1033	922	828	812	802	757	681	658	632	549	543	499	409	373	353	322	314	344	319	298	265	238	243	224	218	242	230	249	230	224	240	244	257	230	229	229	226	212	239	241	236	221	228	194	174	210	214	208	219	197	187	221	173	209	221	197	192	205	200	203	192	222	222	220	211	0	0	0	0	0	0	0	0	0	0	0	0	0	0	0	0	0	0	0	0	0	0	0	0	0	0	0	0	0	0	0	0	0	0	0	0	0	0	0	0	
0	0	0	0	0	13	27	40	61	86	123	190	273	372	491	663	790	925	1022	1162	1197	1287	1366	1370	1268	1254	1044	958	885	840	801	720	680	623	530	537	476	496	511	502	501	496	522	464	441	478	402	377	330	335	342	348	302	285	278	293	265	198	182	204	241	226	211	185	229	230	215	234	199	183	203	205	213	200	207	203	190	192	200	188	214	213	203	166	179	175	167	192	183	172	173	187	164	193	192	185	0	0	0	0	0	0	0	0	0	0	0	0	0	0	0	0	0	0	0	0	0	0	0	0	0	0	0	0	0	0	0	0	0	0	0	0	0	0	0	0	
0	0	0	0	0	11	17	15	29	52	72	99	144	185	285	354	448	567	697	750	845	948	1009	1008	986	949	875	762	675	620	602	533	442	439	386	367	394	350	332	376	358	388	412	423	366	370	358	395	343	324	331	336	337	330	298	299	253	230	273	249	261	237	221	210	208	186	174	213	204	200	194	209	207	194	196	207	209	165	182	206	216	202	175	180	187	164	184	164	159	160	182	167	180	155	169	172	0	0	0	0	0	0	0	0	0	0	0	0	0	0	0	0	0	0	0	0	0	0	0	0	0	0	0	0	0	0	0	0	0	0	0	0	0	0	0	0	
0	0	0	0	0	5	8	12	10	17	25	39	61	101	127	187	252	293	351	419	561	591	662	705	712	701	654	605	518	461	477	411	360	302	282	279	274	269	268	265	246	246	256	237	277	254	256	305	295	322	338	345	353	343	360	321	296	292	264	264	240	230	260	216	220	215	217	189	191	175	167	154	180	158	181	170	182	182	172	179	182	172	183	178	174	192	198	181	180	167	155	168	184	167	172	160	0	0	0	0	0	0	0	0	0	0	0	0	0	0	0	0	0	0	0	0	0	0	0	0	0	0	0	0	0	0	0	0	0	0	0	0	0	0	0	0	
0	0	0	0	0	0	2	4	9	9	13	22	27	47	64	75	113	146	186	198	250	324	384	437	471	476	451	410	408	403	378	332	313	260	200	205	202	173	199	206	173	177	185	208	150	196	191	196	210	207	220	220	236	249	270	281	261	294	280	300	295	244	236	231	226	210	229	227	200	188	188	185	159	144	173	168	167	139	155	172	163	157	169	168	149	153	165	174	152	142	135	155	172	169	138	155	0	0	0	0	0	0	0	0	0	0	0	0	0	0	0	0	0	0	0	0	0	0	0	0	0	0	0	0	0	0	0	0	0	0	0	0	0	0	0	0	
0	0	0	0	0	0	0	2	2	4	7	8	13	25	31	37	46	61	86	106	143	163	189	214	203	254	249	236	265	259	260	251	199	190	180	174	151	146	153	152	146	151	147	145	107	122	143	145	141	158	149	157	173	190	166	200	199	228	204	214	215	262	253	268	262	226	214	214	210	194	184	187	187	191	167	165	170	150	163	152	121	132	154	134	136	143	127	147	133	134	134	133	136	127	115	142	0	0	0	0	0	0	0	0	0	0	0	0	0	0	0	0	0	0	0	0	0	0	0	0	0	0	0	0	0	0	0	0	0	0	0	0	0	0	0	0	
0	0	0	0	0	0	0	0	1	1	1	1	5	3	7	13	20	20	35	45	55	72	88	96	120	121	130	135	123	113	153	145	129	135	117	115	111	123	99	130	112	110	130	108	110	97	111	103	118	121	97	103	108	114	109	123	124	142	162	165	165	158	169	171	199	198	214	221	198	207	212	182	160	166	165	157	160	160	176	155	136	122	105	108	83	99	105	114	120	120	122	99	109	112	101	101	0	0	0	0	0	0	0	0	0	0	0	0	0	0	0	0	0	0	0	0	0	0	0	0	0	0	0	0	0	0	0	0	0	0	0	0	0	0	0	0	
0	0	0	0	0	0	0	0	0	0	0	1	1	1	3	2	2	5	7	13	21	24	25	40	43	52	47	49	50	49	60	55	54	65	42	65	52	55	52	69	49	76	74	73	76	54	65	71	65	71	72	69	78	82	64	68	73	82	97	97	95	113	129	115	117	117	118	140	122	146	165	139	151	150	162	172	141	142	115	140	121	131	104	108	115	100	117	94	99	101	87	84	87	98	83	94	0	0	0	0	0	0	0	0	0	0	0	0	0	0	0	0	0	0	0	0	0	0	0	0	0	0	0	0	0	0	0	0	0	0	0	0	0	0	0	0	
0	0	0	0	0	0	0	0	0	0	0	0	0	1	2	5	2	3	4	2	5	5	7	12	20	23	16	17	24	17	21	25	20	19	24	24	16	29	33	31	37	23	28	41	38	44	39	44	38	59	52	42	48	58	43	49	47	62	54	51	48	51	58	63	65	73	85	90	92	102	95	109	81	111	121	111	123	126	131	122	115	124	117	97	100	85	88	94	86	82	80	65	68	66	57	63	0	0	0	0	0	0	0	0	0	0	0	0	0	0	0	0	0	0	0	0	0	0	0	0	0	0	0	0	0	0	0	0	0	0	0	0	0	0	0	0	
0	0	0	0	0	0	0	0	0	0	0	0	0	0	0	0	0	2	3	2	2	1	2	4	4	8	8	6	5	9	11	11	8	11	10	9	9	10	14	11	12	12	11	16	14	21	16	13	13	25	35	33	34	20	22	30	27	28	46	38	27	31	27	34	36	44	47	38	45	53	50	56	51	57	56	55	78	60	62	66	77	90	86	79	69	89	83	63	55	67	71	66	54	65	53	50	0	0	0	0	0	0	0	0	0	0	0	0	0	0	0	0	0	0	0	0	0	0	0	0	0	0	0	0	0	0	0	0	0	0	0	0	0	0	0	0	
0	0	0	0	0	0	0	0	0	0	0	0	0	0	0	1	1	1	1	1	1	1	0	1	1	0	2	2	1	1	2	0	1	3	3	1	1	3	3	3	2	4	4	2	7	9	6	7	15	10	13	13	9	14	8	12	8	23	21	18	18	14	25	19	13	17	26	25	24	20	20	15	24	30	18	21	26	29	32	35	38	34	44	48	55	52	40	49	46	46	50	52	38	23	29	36	0	0	0	0	0	0	0	0	0	0	0	0	0	0	0	0	0	0	0	0	0	0	0	0	0	0	0	0	0	0	0	0	0	0	0	0	0	0	0	0	
0	0	0	0	0	0	0	0	0	0	0	0	0	0	0	0	0	0	0	0	0	1	0	0	0	1	1	0	0	0	0	0	1	0	0	0	0	0	1	1	0	0	1	3	1	2	2	1	3	6	6	5	3	3	6	8	7	8	6	10	10	9	13	17	22	11	12	13	14	12	20	21	29	21	26	24	22	10	11	13	18	17	21	31	21	19	25	19	31	29	32	37	35	32	33	24	0	0	0	0	0	0	0	0	0	0	0	0	0	0	0	0	0	0	0	0	0	0	0	0	0	0	0	0	0	0	0	0	0	0	0	0	0	0	0	0	
