4431	4582	4604	4780	4922	5056	4999	5161	5152	5089	4960	4886	4617	4441	4264	4193	4139	4116	4072	4052	3995	3947	3962	3954	3916	3912	3933	3944	3928	3947	3953	3931	3994	4019	4061	4095	4128	4092	4065	4063	4053	4033	3993	4003	3906	3831	3813	3808	3768	3860	3931	3934	3893	3845	3795	3720	3689	3746	3827	3878	3910	3930	3918	3913	3859	3892	3874	3876	3887	3845	3800	3791	3774	3680	3702	3738	3748	3689	3755	3768	3687	3728	3824	3806	3825	3879	3795	3736	3713	3653	3608	3635	3680	3656	3678	3731	0	0	0	0	0	0	0	0	0	0	0	0	0	0	0	0	0	0	0	0	0	0	0	0	0	0	0	0	0	0	0	0	0	0	0	0	0	0	0	0	
3944	4003	4152	4221	4326	4382	4532	4546	4729	4865	4996	4949	5106	5100	5046	4919	4839	4575	4408	4233	4165	4108	4082	4038	4028	3967	3934	3937	3925	3878	3878	3906	3919	3910	3921	3929	3909	3978	3984	4024	4064	4107	4070	4044	4045	4037	4009	3976	3992	3894	3816	3799	3788	3745	3841	3912	3915	3878	3834	3781	3698	3667	3725	3814	3866	3890	3914	3904	3900	3848	3877	3857	3851	3871	3828	3782	3779	3760	3670	3681	3715	3726	3677	3745	3760	3676	3720	3813	3796	3811	3864	3780	3720	3695	3641	3592	0	0	0	0	0	0	0	0	0	0	0	0	0	0	0	0	0	0	0	0	0	0	0	0	0	0	0	0	0	0	0	0	0	0	0	0	0	0	0	0	
3591	3709	3750	3798	3839	3931	3994	4143	4209	4311	4368	4517	4532	4713	4846	4980	4931	5084	5075	5031	4894	4812	4550	4382	4209	4142	4083	4069	4025	4015	3956	3928	3925	3912	3869	3867	3894	3906	3898	3910	3917	3902	3960	3966	4011	4054	4098	4056	4031	4031	4029	4003	3966	3977	3884	3802	3781	3775	3736	3832	3905	3906	3872	3828	3776	3693	3663	3715	3807	3860	3882	3904	3890	3886	3836	3865	3846	3838	3859	3821	3774	3771	3753	3665	3674	3711	3723	3672	3740	3751	3667	3715	3807	3793	3806	3860	0	0	0	0	0	0	0	0	0	0	0	0	0	0	0	0	0	0	0	0	0	0	0	0	0	0	0	0	0	0	0	0	0	0	0	0	0	0	0	0	
3013	3105	3201	3316	3435	3554	3661	3710	3744	3759	3836	3848	3955	3988	4035	4089	4199	4216	4399	4516	4613	4534	4701	4701	4666	4535	4442	4226	4084	3942	3867	3824	3812	3793	3817	3786	3771	3761	3748	3722	3725	3744	3749	3752	3764	3772	3769	3819	3812	3880	3922	3964	3936	3903	3905	3909	3887	3849	3865	3755	3679	3676	3665	3602	3706	3788	3799	3770	3728	3679	3593	3559	3620	3718	3762	3774	3783	3758	3772	3739	3758	3746	3738	3766	3709	3658	3667	3656	3562	3582	3611	3620	3572	3608	3629	3558	0	0	0	0	0	0	0	0	0	0	0	0	0	0	0	0	0	0	0	0	0	0	0	0	0	0	0	0	0	0	0	0	0	0	0	0	0	0	0	0	
2905	2898	2963	2990	3006	2975	3053	3143	3242	3297	3351	3377	3331	3256	3216	3166	3155	3194	3202	3249	3284	3380	3338	3482	3566	3630	3618	3756	3778	3798	3729	3665	3490	3391	3313	3325	3319	3355	3343	3389	3379	3399	3408	3400	3388	3411	3427	3426	3436	3428	3435	3430	3506	3512	3558	3589	3616	3578	3541	3567	3555	3531	3507	3514	3439	3367	3371	3379	3344	3443	3529	3534	3501	3443	3397	3327	3304	3340	3406	3442	3468	3494	3500	3520	3475	3490	3460	3440	3469	3425	3350	3373	3338	3267	3268	3299	0	0	0	0	0	0	0	0	0	0	0	0	0	0	0	0	0	0	0	0	0	0	0	0	0	0	0	0	0	0	0	0	0	0	0	0	0	0	0	0	
2565	2660	2728	2779	2835	2849	2837	2887	2904	2894	2850	2868	2881	2881	2837	2838	2803	2710	2635	2586	2545	2539	2590	2586	2630	2665	2739	2745	2871	2926	3028	3038	3185	3246	3244	3192	3217	3121	3079	3031	3029	3021	3067	3091	3127	3110	3131	3157	3170	3151	3146	3166	3179	3183	3178	3197	3197	3271	3277	3314	3332	3354	3314	3284	3292	3298	3267	3254	3287	3202	3152	3164	3163	3101	3213	3273	3275	3240	3200	3149	3088	3063	3114	3175	3200	3226	3239	3264	3273	3247	3261	3222	3189	3214	3164	3107	0	0	0	0	0	0	0	0	0	0	0	0	0	0	0	0	0	0	0	0	0	0	0	0	0	0	0	0	0	0	0	0	0	0	0	0	0	0	0	0	
2052	2153	2241	2358	2447	2520	2607	2668	2709	2746	2754	2711	2712	2691	2628	2526	2494	2456	2441	2394	2404	2351	2272	2220	2186	2167	2177	2227	2231	2289	2345	2424	2448	2577	2659	2771	2810	2943	3009	3023	3003	3030	2936	2897	2861	2862	2854	2903	2924	2961	2957	2951	2967	2986	2988	2999	3005	3005	3012	2994	3012	3021	3103	3105	3146	3160	3172	3132	3120	3147	3143	3120	3100	3124	3021	2975	2991	2992	2942	3041	3100	3104	3065	3033	3008	2944	2927	2944	2996	3026	3050	3065	3089	3098	3084	3104	0	0	0	0	0	0	0	0	0	0	0	0	0	0	0	0	0	0	0	0	0	0	0	0	0	0	0	0	0	0	0	0	0	0	0	0	0	0	0	0	
1567	1609	1681	1750	1900	2010	2105	2173	2284	2357	2442	2517	2541	2547	2529	2496	2429	2409	2343	2275	2171	2160	2111	2105	2073	2063	2056	1994	1970	1962	1964	1972	2053	2046	2135	2192	2277	2308	2448	2527	2647	2693	2832	2888	2889	2870	2895	2801	2761	2731	2741	2734	2780	2789	2819	2806	2811	2837	2857	2853	2865	2866	2872	2879	2851	2878	2891	2978	2973	3005	3008	3007	2988	2984	3016	3009	2977	2956	2975	2881	2847	2868	2869	2818	2923	2987	2992	2948	2912	2873	2807	2789	2822	2872	2895	2908	0	0	0	0	0	0	0	0	0	0	0	0	0	0	0	0	0	0	0	0	0	0	0	0	0	0	0	0	0	0	0	0	0	0	0	0	0	0	0	0	
1335	1360	1416	1451	1482	1532	1580	1650	1712	1852	1962	2044	2102	2185	2236	2280	2310	2323	2330	2295	2236	2149	2115	2046	2003	1916	1912	1892	1870	1860	1869	1875	1835	1838	1835	1836	1857	1942	1948	2038	2088	2165	2197	2345	2433	2549	2602	2734	2785	2778	2748	2773	2707	2668	2622	2627	2630	2662	2674	2716	2700	2700	2714	2736	2742	2747	2759	2751	2772	2752	2767	2777	2839	2817	2849	2876	2886	2855	2858	2896	2886	2864	2837	2851	2755	2728	2746	2753	2708	2811	2884	2890	2829	2790	2751	2690	0	0	0	0	0	0	0	0	0	0	0	0	0	0	0	0	0	0	0	0	0	0	0	0	0	0	0	0	0	0	0	0	0	0	0	0	0	0	0	0	
1214	1278	1261	1280	1287	1287	1315	1381	1414	1435	1475	1518	1584	1630	1753	1856	1905	1950	2018	2057	2077	2094	2083	2063	2029	1959	1896	1889	1850	1827	1770	1757	1737	1728	1746	1770	1788	1742	1753	1754	1765	1780	1862	1874	1965	1997	2071	2117	2263	2351	2463	2508	2626	2668	2677	2656	2667	2587	2566	2512	2517	2521	2559	2566	2594	2581	2585	2605	2628	2630	2632	2639	2638	2658	2639	2652	2649	2711	2697	2727	2743	2753	2731	2737	2774	2759	2739	2722	2734	2649	2608	2618	2627	2592	2702	2774	0	0	0	0	0	0	0	0	0	0	0	0	0	0	0	0	0	0	0	0	0	0	0	0	0	0	0	0	0	0	0	0	0	0	0	0	0	0	0	0	
1040	1037	1070	1099	1126	1182	1244	1225	1244	1254	1252	1271	1323	1346	1367	1405	1448	1487	1515	1636	1715	1752	1784	1837	1858	1874	1888	1896	1874	1839	1788	1738	1754	1719	1692	1653	1655	1632	1637	1643	1678	1703	1668	1682	1677	1693	1710	1786	1793	1877	1922	1993	2040	2172	2249	2367	2414	2526	2547	2559	2540	2559	2474	2448	2403	2403	2418	2448	2454	2490	2473	2474	2488	2499	2510	2523	2531	2527	2546	2514	2533	2529	2579	2577	2607	2612	2608	2593	2608	2635	2642	2621	2609	2603	2509	2485	0	0	0	0	0	0	0	0	0	0	0	0	0	0	0	0	0	0	0	0	0	0	0	0	0	0	0	0	0	0	0	0	0	0	0	0	0	0	0	0	
896	924	957	999	1020	1037	1035	1067	1095	1122	1177	1238	1223	1239	1245	1238	1223	1250	1259	1255	1287	1324	1358	1388	1480	1542	1574	1607	1664	1680	1709	1732	1716	1711	1680	1653	1609	1640	1614	1586	1539	1535	1523	1545	1565	1607	1627	1587	1602	1596	1605	1633	1705	1703	1792	1826	1890	1943	2065	2130	2244	2279	2392	2411	2420	2384	2391	2322	2314	2278	2285	2285	2324	2335	2357	2333	2339	2352	2354	2371	2372	2376	2389	2393	2366	2387	2393	2445	2438	2466	2457	2468	2453	2468	2501	2495	0	0	0	0	0	0	0	0	0	0	0	0	0	0	0	0	0	0	0	0	0	0	0	0	0	0	0	0	0	0	0	0	0	0	0	0	0	0	0	0	
699	724	750	799	845	861	888	915	961	986	1005	997	1008	1045	1074	1126	1178	1146	1146	1147	1109	1109	1131	1129	1134	1167	1180	1200	1245	1340	1403	1418	1441	1487	1534	1561	1586	1584	1573	1542	1525	1504	1516	1486	1471	1420	1420	1412	1428	1454	1496	1506	1470	1490	1492	1504	1529	1578	1583	1663	1691	1752	1818	1930	2004	2099	2122	2211	2240	2255	2239	2256	2181	2160	2111	2124	2132	2165	2173	2175	2151	2158	2171	2188	2218	2203	2214	2217	2219	2188	2214	2221	2261	2262	2298	2289	0	0	0	0	0	0	0	0	0	0	0	0	0	0	0	0	0	0	0	0	0	0	0	0	0	0	0	0	0	0	0	0	0	0	0	0	0	0	0	0	
680	691	698	670	661	656	677	705	749	793	807	830	867	901	921	929	909	918	929	933	993	1032	1009	1001	989	975	976	997	993	1002	1028	1045	1086	1117	1191	1247	1259	1285	1344	1394	1426	1433	1439	1431	1414	1395	1360	1371	1346	1322	1281	1276	1277	1306	1308	1336	1357	1327	1341	1347	1358	1371	1401	1408	1492	1529	1590	1659	1755	1810	1902	1917	2003	2035	2053	2035	2052	1971	1951	1943	1926	1939	1968	1950	1945	1941	1944	1944	1975	1999	1988	1999	2013	2017	1974	2019	0	0	0	0	0	0	0	0	0	0	0	0	0	0	0	0	0	0	0	0	0	0	0	0	0	0	0	0	0	0	0	0	0	0	0	0	0	0	0	0	
442	497	524	557	569	612	633	635	609	598	594	614	643	692	743	740	756	780	791	799	786	755	780	801	805	844	876	843	833	831	819	825	832	825	838	889	918	931	950	1014	1070	1086	1133	1175	1215	1242	1241	1249	1243	1209	1202	1189	1190	1168	1150	1116	1120	1108	1125	1122	1163	1196	1150	1160	1155	1148	1178	1212	1221	1290	1320	1372	1436	1529	1587	1650	1669	1742	1755	1764	1767	1775	1698	1689	1677	1674	1669	1688	1675	1669	1669	1667	1672	1695	1737	1713	0	0	0	0	0	0	0	0	0	0	0	0	0	0	0	0	0	0	0	0	0	0	0	0	0	0	0	0	0	0	0	0	0	0	0	0	0	0	0	0	
140	176	226	271	333	356	385	390	414	432	469	484	484	457	433	452	491	516	540	580	577	593	609	625	633	614	602	631	650	633	659	689	669	663	656	634	630	639	640	661	694	706	731	757	800	862	865	881	905	967	971	962	988	980	973	979	938	959	949	932	872	871	871	887	898	945	953	913	924	928	924	935	969	975	1030	1036	1073	1128	1210	1260	1329	1341	1403	1417	1421	1398	1402	1328	1314	1294	1286	1289	1307	1305	1312	1312	0	0	0	0	0	0	0	0	0	0	0	0	0	0	0	0	0	0	0	0	0	0	0	0	0	0	0	0	0	0	0	0	0	0	0	0	0	0	0	0	
21	29	38	64	76	100	124	169	195	229	239	260	265	287	301	333	337	329	317	298	323	337	358	367	407	420	429	433	445	448	444	411	430	438	428	454	491	475	469	462	440	435	445	444	454	470	481	493	513	547	591	603	614	633	666	665	675	683	680	649	675	658	667	655	626	591	601	610	633	644	676	681	642	637	637	609	629	644	656	690	724	761	785	823	883	932	955	1003	1006	994	961	951	898	887	884	876	0	0	0	0	0	0	0	0	0	0	0	0	0	0	0	0	0	0	0	0	0	0	0	0	0	0	0	0	0	0	0	0	0	0	0	0	0	0	0	0	
0	0	1	3	8	17	21	22	37	46	65	68	106	139	167	168	186	207	217	242	256	268	277	284	272	290	308	318	331	350	369	392	399	388	401	391	379	393	409	416	437	447	454	443	433	419	429	430	455	452	448	463	455	463	492	519	544	548	563	614	622	628	625	637	629	641	627	649	635	613	606	612	620	651	646	652	645	634	636	627	629	634	655	653	671	667	691	735	778	844	867	863	875	903	912	917	0	0	0	0	0	0	0	0	0	0	0	0	0	0	0	0	0	0	0	0	0	0	0	0	0	0	0	0	0	0	0	0	0	0	0	0	0	0	0	0	
0	0	0	0	0	0	0	0	0	0	0	0	0	0	0	0	3	4	7	8	15	37	66	99	153	201	223	239	249	242	238	250	259	273	265	251	250	238	221	217	235	230	226	218	203	192	192	178	176	169	154	146	157	157	155	147	143	150	132	126	144	150	131	144	151	140	143	151	141	140	138	145	138	135	127	132	122	129	134	146	146	153	156	149	140	143	120	116	116	123	127	128	130	121	125	115	0	0	0	0	0	0	0	0	0	0	0	0	0	0	0	0	0	0	0	0	0	0	0	0	0	0	0	0	0	0	0	0	0	0	0	0	0	0	0	0	
0	0	0	0	0	0	0	0	0	0	0	0	0	0	0	0	0	0	0	0	0	2	2	5	6	13	29	52	86	131	170	188	190	196	198	198	219	234	244	232	211	210	200	189	186	204	190	188	183	175	164	165	154	155	148	136	123	134	136	138	125	124	130	111	108	122	127	116	121	130	123	125	130	123	125	120	124	119	113	105	108	100	108	115	127	122	128	131	129	122	125	110	96	96	98	106	0	0	0	0	0	0	0	0	0	0	0	0	0	0	0	0	0	0	0	0	0	0	0	0	0	0	0	0	0	0	0	0	0	0	0	0	0	0	0	0	
0	0	0	0	0	0	0	0	0	0	0	0	0	0	0	0	0	0	0	0	0	0	0	0	1	0	2	2	4	5	10	27	49	76	109	143	158	159	166	174	167	186	196	199	196	178	175	169	164	165	184	167	165	153	152	142	147	138	132	127	118	103	116	120	119	109	107	114	95	87	102	106	100	104	111	109	105	112	109	113	113	115	104	98	86	87	89	96	103	115	111	114	119	116	104	103	0	0	0	0	0	0	0	0	0	0	0	0	0	0	0	0	0	0	0	0	0	0	0	0	0	0	0	0	0	0	0	0	0	0	0	0	0	0	0	0	
0	0	0	0	0	0	0	0	0	0	0	0	0	0	0	0	0	1	0	2	1	10	10	12	10	28	27	45	46	49	65	52	72	73	70	60	68	88	112	129	152	165	171	195	190	202	204	205	218	201	188	189	164	163	166	192	178	174	172	159	157	154	146	157	152	133	109	132	138	131	114	117	126	105	96	119	132	109	113	114	113	110	120	110	122	127	115	107	115	99	117	116	109	111	133	125	0	0	0	0	0	0	0	0	0	0	0	0	0	0	0	0	0	0	0	0	0	0	0	0	0	0	0	0	0	0	0	0	0	0	0	0	0	0	0	0	
0	0	0	0	0	0	0	0	0	0	0	0	0	0	0	0	2	2	6	3	13	23	48	68	97	134	219	286	339	348	351	365	414	423	406	423	409	357	357	327	302	281	306	309	311	345	380	392	358	383	360	379	404	393	402	376	355	374	359	349	359	348	369	379	364	354	326	293	298	300	262	265	251	260	269	253	246	265	280	270	301	298	279	268	256	255	263	286	283	275	278	286	272	258	271	274	0	0	0	0	0	0	0	0	0	0	0	0	0	0	0	0	0	0	0	0	0	0	0	0	0	0	0	0	0	0	0	0	0	0	0	0	0	0	0	0	
0	0	0	0	0	0	0	0	0	0	0	0	0	0	0	0	2	2	6	13	20	45	75	104	151	217	350	447	531	660	689	762	824	883	892	894	870	820	742	687	671	645	600	567	529	525	494	464	462	458	487	526	534	526	517	545	538	538	548	540	546	550	532	528	514	516	561	550	519	498	468	455	460	453	433	437	419	419	428	433	411	423	427	435	463	468	452	419	410	412	419	450	454	452	449	481	0	0	0	0	0	0	0	0	0	0	0	0	0	0	0	0	0	0	0	0	0	0	0	0	0	0	0	0	0	0	0	0	0	0	0	0	0	0	0	0	
0	0	0	0	0	0	0	0	0	0	0	0	0	0	0	0	0	0	1	5	15	25	53	104	140	227	349	430	533	603	654	762	835	927	1015	1060	1061	1096	1087	1102	1063	1001	937	835	762	746	759	701	671	624	599	577	550	562	566	598	628	635	612	624	597	613	617	619	604	615	624	620	650	607	627	623	633	603	606	564	544	522	538	530	534	555	560	537	529	491	489	511	540	557	563	542	530	526	519	505	0	0	0	0	0	0	0	0	0	0	0	0	0	0	0	0	0	0	0	0	0	0	0	0	0	0	0	0	0	0	0	0	0	0	0	0	0	0	0	0	
0	0	0	0	0	0	0	0	0	0	0	0	0	0	0	0	0	0	0	2	10	20	32	64	100	166	273	370	444	495	568	636	709	798	843	862	968	959	1005	1070	1134	1094	1127	1123	1109	1087	1039	976	901	833	805	773	739	711	671	639	612	627	629	604	635	647	656	662	681	683	678	662	660	661	668	693	685	669	667	665	652	644	647	648	628	572	565	570	577	568	568	605	581	568	525	537	542	564	592	629	0	0	0	0	0	0	0	0	0	0	0	0	0	0	0	0	0	0	0	0	0	0	0	0	0	0	0	0	0	0	0	0	0	0	0	0	0	0	0	0	
0	0	0	0	0	0	0	0	0	0	0	0	0	0	0	0	2	2	1	3	3	7	22	47	80	119	190	252	319	371	414	485	546	599	643	682	731	770	818	872	881	959	985	1019	1058	1126	1087	1123	1132	1110	1071	1012	942	882	814	798	779	771	734	694	653	626	660	645	627	646	669	661	643	682	663	655	674	684	684	680	719	692	673	656	673	672	688	679	646	612	600	591	597	589	574	580	578	573	582	563	0	0	0	0	0	0	0	0	0	0	0	0	0	0	0	0	0	0	0	0	0	0	0	0	0	0	0	0	0	0	0	0	0	0	0	0	0	0	0	0	
0	0	0	0	0	0	0	0	0	0	0	0	0	0	0	0	0	0	1	1	4	12	20	28	44	79	130	184	248	294	308	333	410	431	501	507	551	581	601	619	688	727	753	788	827	860	933	939	990	1041	1048	1037	1053	1055	1061	983	952	892	839	797	778	770	698	686	677	666	632	668	645	629	640	674	654	647	671	657	653	669	682	658	658	683	675	651	668	687	653	672	655	626	599	591	580	569	566	575	0	0	0	0	0	0	0	0	0	0	0	0	0	0	0	0	0	0	0	0	0	0	0	0	0	0	0	0	0	0	0	0	0	0	0	0	0	0	0	0	
0	0	0	0	0	0	0	0	0	0	0	0	0	0	0	0	0	0	0	0	0	6	10	15	31	48	86	127	158	203	240	282	313	347	382	374	398	457	471	500	510	530	563	565	585	628	659	695	732	739	783	834	845	894	944	976	961	1007	960	973	915	878	802	782	737	746	721	680	658	652	623	587	611	599	584	597	625	629	636	628	633	635	616	624	630	647	658	616	640	643	656	636	634	642	610	581	0	0	0	0	0	0	0	0	0	0	0	0	0	0	0	0	0	0	0	0	0	0	0	0	0	0	0	0	0	0	0	0	0	0	0	0	0	0	0	0	
0	0	0	0	0	0	0	0	0	0	0	0	0	0	0	0	0	0	0	0	0	0	2	6	9	16	42	73	100	133	153	180	221	253	286	307	323	323	371	365	345	358	427	458	463	465	493	500	532	533	592	595	616	622	675	720	774	760	808	863	866	869	896	870	898	871	805	742	730	670	652	670	619	592	601	598	577	580	567	548	560	591	577	595	608	591	581	585	594	591	614	642	628	617	598	638	0	0	0	0	0	0	0	0	0	0	0	0	0	0	0	0	0	0	0	0	0	0	0	0	0	0	0	0	0	0	0	0	0	0	0	0	0	0	0	0	
0	0	0	0	0	0	0	0	0	0	0	0	0	0	0	0	0	0	0	1	1	1	1	2	2	6	20	27	39	60	68	84	112	131	154	160	195	233	248	276	307	309	302	312	338	332	352	406	389	411	414	437	454	467	456	492	515	536	553	591	608	656	651	726	763	753	789	783	777	785	756	728	678	637	617	595	597	562	535	518	549	518	533	499	484	523	535	537	546	540	513	518	515	550	565	556	0	0	0	0	0	0	0	0	0	0	0	0	0	0	0	0	0	0	0	0	0	0	0	0	0	0	0	0	0	0	0	0	0	0	0	0	0	0	0	0	
0	0	0	0	0	0	0	0	0	0	0	0	0	0	0	0	0	0	0	0	0	0	0	1	3	2	8	13	22	22	32	42	55	69	75	84	97	115	123	151	157	191	213	233	248	273	276	270	268	275	270	294	349	352	340	338	359	385	405	400	420	422	456	496	514	527	573	587	605	634	649	651	689	683	678	650	601	595	553	501	498	523	500	484	470	463	447	437	432	428	442	457	469	469	458	450	0	0	0	0	0	0	0	0	0	0	0	0	0	0	0	0	0	0	0	0	0	0	0	0	0	0	0	0	0	0	0	0	0	0	0	0	0	0	0	0	
0	0	0	0	0	0	0	0	0	0	0	0	0	0	0	0	0	0	0	0	0	0	0	1	2	2	4	4	4	5	6	13	22	23	30	42	49	51	60	81	75	81	106	116	135	151	171	190	196	211	221	228	212	205	226	225	254	256	275	281	279	298	302	322	316	340	367	375	388	423	422	450	483	479	519	535	518	528	530	545	527	501	482	438	420	397	399	379	371	406	383	368	357	350	356	397	0	0	0	0	0	0	0	0	0	0	0	0	0	0	0	0	0	0	0	0	0	0	0	0	0	0	0	0	0	0	0	0	0	0	0	0	0	0	0	0	
0	0	0	0	0	0	0	0	0	0	0	0	0	0	0	0	0	0	0	0	0	0	0	0	1	2	2	2	5	4	4	2	4	6	6	5	10	13	21	26	37	40	46	55	59	58	65	81	84	102	102	125	125	138	163	160	151	154	152	164	153	176	192	195	204	195	210	226	231	239	246	243	263	270	289	291	337	332	371	399	414	417	428	415	374	383	359	349	319	292	297	305	269	271	281	274	0	0	0	0	0	0	0	0	0	0	0	0	0	0	0	0	0	0	0	0	0	0	0	0	0	0	0	0	0	0	0	0	0	0	0	0	0	0	0	0	
0	0	0	0	0	0	0	0	0	0	0	0	0	0	0	0	0	0	0	0	0	0	0	0	0	0	0	2	2	5	4	4	3	3	2	1	3	2	3	5	5	8	8	13	18	22	28	29	35	40	44	40	50	53	61	65	83	87	86	97	106	95	92	106	115	122	118	135	140	127	131	126	141	149	140	156	165	175	173	188	187	214	224	245	279	269	250	266	262	260	251	238	228	218	188	190	0	0	0	0	0	0	0	0	0	0	0	0	0	0	0	0	0	0	0	0	0	0	0	0	0	0	0	0	0	0	0	0	0	0	0	0	0	0	0	0	
0	0	0	0	0	0	0	0	0	0	0	0	0	0	0	0	0	0	0	0	0	0	0	0	0	0	0	0	0	0	0	2	2	3	4	4	1	2	1	2	2	3	2	4	5	4	6	5	7	6	9	13	16	21	26	28	26	32	37	44	47	56	58	68	78	70	77	77	82	95	94	89	94	97	100	103	106	106	120	109	118	127	125	133	134	150	167	179	201	201	193	192	199	209	222	240	0	0	0	0	0	0	0	0	0	0	0	0	0	0	0	0	0	0	0	0	0	0	0	0	0	0	0	0	0	0	0	0	0	0	0	0	0	0	0	0	
0	0	0	0	0	0	2	5	5	5	6	10	14	11	18	24	34	38	44	34	32	21	17	18	4	1	0	0	1	1	1	3	1	0	1	1	1	0	3	1	2	0	0	1	0	1	2	2	0	1	2	1	1	0	1	1	0	1	0	2	1	1	1	0	0	1	2	1	1	1	1	1	0	1	0	1	0	0	0	2	0	0	0	0	0	0	1	0	0	0	0	1	2	1	0	0	0	0	0	0	0	0	0	0	0	0	0	0	0	0	0	0	0	0	0	0	0	0	0	0	0	0	0	0	0	0	0	0	0	0	0	0	0	0	0	0	
0	0	0	0	0	0	0	0	0	0	0	0	0	0	0	0	0	0	0	0	0	0	1	1	0	0	0	0	0	0	0	0	0	0	0	0	0	0	0	0	0	0	0	0	0	0	0	0	0	0	0	0	0	0	0	0	0	0	0	0	0	0	0	0	0	0	0	0	0	0	0	0	0	0	0	0	0	0	0	0	0	0	0	0	0	0	0	0	0	0	0	0	0	0	0	0	0	0	0	0	0	0	0	0	0	0	0	0	0	0	0	0	0	0	0	0	0	0	0	0	0	0	0	0	0	0	0	0	0	0	0	0	0	0	0	0	
0	0	0	0	0	0	1	3	5	8	8	6	4	5	8	8	8	13	15	9	18	18	18	16	15	14	15	7	6	8	7	1	5	5	5	5	3	2	5	3	4	2	7	6	5	3	3	7	5	4	1	0	4	6	3	6	6	4	4	4	3	6	2	2	1	2	1	2	1	1	2	4	7	4	2	1	6	6	6	1	3	3	2	0	2	0	0	1	1	5	4	2	2	2	3	1	0	0	0	0	0	0	0	0	0	0	0	0	0	0	0	0	0	0	0	0	0	0	0	0	0	0	0	0	0	0	0	0	0	0	0	0	0	0	0	0	
0	0	0	0	0	14	22	14	32	59	78	132	181	207	265	264	300	287	294	312	346	372	353	349	333	311	327	269	237	207	204	205	175	152	123	115	102	107	105	97	104	110	116	98	96	86	87	108	110	94	83	84	90	94	93	78	75	85	77	96	87	79	79	82	78	78	88	68	59	63	67	62	55	56	68	71	74	96	75	65	73	72	67	76	74	73	76	67	60	61	52	53	65	96	84	72	0	0	0	0	0	0	0	0	0	0	0	0	0	0	0	0	0	0	0	0	0	0	0	0	0	0	0	0	0	0	0	0	0	0	0	0	0	0	0	0	
0	0	0	0	0	17	24	33	52	107	187	275	353	473	551	684	733	827	872	929	935	960	982	992	1012	1035	907	848	787	718	666	638	531	460	397	318	284	287	261	248	228	211	197	202	195	169	162	170	199	186	209	191	174	188	174	182	213	184	210	200	212	208	179	170	166	162	175	169	154	152	160	151	158	168	150	150	149	162	155	169	152	149	131	126	146	151	153	149	158	156	183	163	184	178	166	168	0	0	0	0	0	0	0	0	0	0	0	0	0	0	0	0	0	0	0	0	0	0	0	0	0	0	0	0	0	0	0	0	0	0	0	0	0	0	0	0	
0	0	0	0	0	24	24	34	49	75	97	155	233	335	478	583	710	822	893	924	1018	1030	1061	1053	1049	992	924	873	837	786	789	705	646	555	539	477	418	351	326	285	265	253	233	218	225	190	177	195	182	207	212	193	174	184	200	165	173	187	176	188	185	188	201	212	215	216	173	172	172	172	183	180	160	176	173	172	186	180	172	165	162	148	149	163	154	157	173	165	166	156	160	140	164	175	176	154	0	0	0	0	0	0	0	0	0	0	0	0	0	0	0	0	0	0	0	0	0	0	0	0	0	0	0	0	0	0	0	0	0	0	0	0	0	0	0	0	
0	0	0	0	0	22	31	31	38	58	84	112	163	199	256	317	403	521	602	706	745	838	881	871	834	808	715	686	620	613	596	551	524	490	440	446	404	401	390	363	313	303	263	285	252	231	198	196	187	192	171	173	205	182	172	165	155	138	158	172	185	175	176	180	190	180	193	195	159	184	185	175	163	171	168	169	164	169	155	169	165	142	144	149	128	147	134	150	141	150	156	178	157	146	124	139	0	0	0	0	0	0	0	0	0	0	0	0	0	0	0	0	0	0	0	0	0	0	0	0	0	0	0	0	0	0	0	0	0	0	0	0	0	0	0	0	
0	0	0	0	0	10	15	29	31	47	54	72	102	142	201	258	294	347	424	471	520	548	619	626	659	623	530	504	464	405	383	383	345	319	317	330	299	321	341	320	304	311	307	292	320	265	233	206	204	187	185	197	181	175	183	183	171	168	164	182	165	180	164	152	169	150	153	156	166	166	181	196	176	180	154	170	184	190	174	156	133	162	162	156	148	147	149	126	130	135	151	132	148	165	163	147	0	0	0	0	0	0	0	0	0	0	0	0	0	0	0	0	0	0	0	0	0	0	0	0	0	0	0	0	0	0	0	0	0	0	0	0	0	0	0	0	
0	0	0	0	0	8	9	11	14	17	22	31	51	75	111	141	185	216	245	307	369	417	448	468	453	439	387	364	349	351	341	292	286	249	211	244	234	251	244	231	244	229	226	243	264	237	254	258	227	252	230	205	185	184	181	174	180	146	152	151	164	166	160	170	158	154	157	159	169	158	165	154	159	167	163	172	144	145	158	163	184	186	166	164	163	133	140	130	137	137	139	134	169	152	138	127	0	0	0	0	0	0	0	0	0	0	0	0	0	0	0	0	0	0	0	0	0	0	0	0	0	0	0	0	0	0	0	0	0	0	0	0	0	0	0	0	
0	0	0	0	0	3	4	5	9	11	12	21	22	38	55	74	106	137	159	187	228	258	292	325	358	362	327	289	260	212	199	222	203	231	195	199	179	195	199	188	182	183	179	184	176	181	171	180	190	190	220	203	218	206	190	215	185	186	176	166	173	169	177	155	158	145	145	133	142	125	143	132	138	146	150	150	149	147	146	173	176	166	155	178	148	161	165	154	156	150	132	140	117	138	132	127	0	0	0	0	0	0	0	0	0	0	0	0	0	0	0	0	0	0	0	0	0	0	0	0	0	0	0	0	0	0	0	0	0	0	0	0	0	0	0	0	
0	0	0	0	0	0	0	2	1	1	3	6	12	22	23	36	36	46	69	89	115	131	159	178	202	220	225	203	205	190	210	187	153	152	137	133	139	128	135	144	129	144	139	160	145	143	149	155	159	182	172	183	178	182	193	182	184	171	198	199	205	184	194	174	166	141	163	146	142	124	142	150	154	143	146	140	148	137	127	161	136	125	157	149	146	140	152	172	141	150	155	148	152	145	140	119	0	0	0	0	0	0	0	0	0	0	0	0	0	0	0	0	0	0	0	0	0	0	0	0	0	0	0	0	0	0	0	0	0	0	0	0	0	0	0	0	
0	0	0	0	0	0	0	0	0	2	4	5	3	4	8	13	27	35	36	46	55	60	68	79	96	122	116	114	120	121	121	128	128	127	112	126	124	119	95	102	108	120	106	87	101	104	106	120	113	117	103	131	131	157	135	137	144	156	170	164	175	171	176	182	168	166	172	178	162	157	166	140	134	144	124	127	111	133	136	123	119	122	135	139	137	126	124	123	123	141	124	118	129	113	130	121	0	0	0	0	0	0	0	0	0	0	0	0	0	0	0	0	0	0	0	0	0	0	0	0	0	0	0	0	0	0	0	0	0	0	0	0	0	0	0	0	
0	0	0	0	0	0	0	0	0	0	0	1	3	3	5	7	8	8	9	13	17	27	33	43	47	55	55	55	52	50	64	68	61	59	68	79	87	72	76	75	84	86	80	80	60	63	71	67	91	81	72	80	81	99	98	98	103	121	125	127	136	144	150	128	125	158	135	169	155	143	146	134	132	139	119	129	128	110	123	142	110	99	105	113	110	95	116	114	114	123	126	116	123	100	104	113	0	0	0	0	0	0	0	0	0	0	0	0	0	0	0	0	0	0	0	0	0	0	0	0	0	0	0	0	0	0	0	0	0	0	0	0	0	0	0	0	
0	0	0	0	0	0	0	0	0	0	0	0	0	0	1	3	3	7	8	8	7	9	8	10	13	14	19	25	22	30	35	35	28	23	33	35	36	37	36	35	49	52	52	53	50	64	63	53	63	69	74	60	50	57	70	73	72	70	80	81	94	95	101	88	107	123	116	109	128	130	136	130	122	121	128	134	150	115	114	118	118	109	81	102	116	105	89	106	97	96	108	118	97	106	112	102	0	0	0	0	0	0	0	0	0	0	0	0	0	0	0	0	0	0	0	0	0	0	0	0	0	0	0	0	0	0	0	0	0	0	0	0	0	0	0	0	
0	0	0	0	0	0	0	0	0	0	0	0	0	0	0	0	1	1	1	5	8	5	6	6	3	3	3	4	10	11	13	12	9	13	14	13	14	21	22	14	25	26	18	18	28	22	31	26	40	40	46	40	44	49	41	47	37	60	56	51	53	60	66	64	61	68	53	74	82	69	83	109	87	123	112	103	113	134	134	123	113	104	87	91	68	83	85	82	86	66	71	70	80	83	71	61	0	0	0	0	0	0	0	0	0	0	0	0	0	0	0	0	0	0	0	0	0	0	0	0	0	0	0	0	0	0	0	0	0	0	0	0	0	0	0	0	
0	0	0	0	0	0	0	0	0	0	0	0	0	0	0	0	0	0	0	0	1	2	3	3	6	4	3	2	1	0	1	4	0	4	7	4	3	3	5	6	8	10	10	8	11	16	14	17	17	17	20	30	29	34	20	30	30	24	32	32	49	38	51	48	40	38	47	35	52	38	47	51	55	61	62	67	68	80	80	79	72	70	81	72	102	75	80	66	60	52	51	48	62	56	68	57	0	0	0	0	0	0	0	0	0	0	0	0	0	0	0	0	0	0	0	0	0	0	0	0	0	0	0	0	0	0	0	0	0	0	0	0	0	0	0	0	
0	0	0	0	0	0	0	0	0	0	0	0	0	0	0	0	0	0	0	0	0	0	0	0	0	1	2	3	2	1	1	0	0	1	1	0	0	0	0	0	0	2	3	5	1	4	2	5	6	8	10	9	9	14	16	11	14	11	21	20	22	29	26	23	22	19	23	24	26	38	24	30	23	31	37	30	28	31	41	50	54	44	50	52	42	64	53	42	52	52	41	48	44	31	32	34	0	0	0	0	0	0	0	0	0	0	0	0	0	0	0	0	0	0	0	0	0	0	0	0	0	0	0	0	0	0	0	0	0	0	0	0	0	0	0	0	
0	0	0	0	0	0	0	0	0	0	0	0	0	0	0	0	0	0	0	0	0	0	0	0	0	0	0	0	0	0	1	0	1	0	1	0	1	0	1	1	1	1	1	0	2	1	1	0	2	1	5	5	4	4	3	3	7	9	8	7	8	13	10	14	11	22	11	10	7	11	13	18	14	20	22	23	17	28	18	20	21	19	20	29	29	30	29	30	28	40	48	43	49	51	54	39	0	0	0	0	0	0	0	0	0	0	0	0	0	0	0	0	0	0	0	0	0	0	0	0	0	0	0	0	0	0	0	0	0	0	0	0	0	0	0	0	
0	0	0	0	0	0	0	0	0	0	0	0	0	0	0	0	0	0	0	0	0	0	0	0	0	0	0	0	0	0	0	0	0	0	0	0	0	0	0	0	0	0	0	0	0	0	0	0	0	0	0	0	0	0	0	0	0	0	0	0	0	0	0	0	0	0	0	0	0	0	0	0	0	0	0	0	0	0	0	0	0	0	0	0	0	0	0	0	0	0	0	0	0	0	0	0	0	0	0	0	0	0	0	0	0	0	0	0	0	0	0	0	0	0	0	0	0	0	0	0	0	0	0	0	0	0	0	0	0	0	0	0	0	0	0	0	
0	0	0	0	0	0	0	0	0	0	0	0	0	0	0	0	0	0	0	0	0	0	0	0	0	0	0	0	0	0	0	0	0	0	0	0	0	0	0	0	0	0	0	0	0	0	0	0	0	0	0	0	0	0	0	0	0	0	0	0	0	0	0	0	0	0	0	0	0	0	0	0	0	0	0	0	0	0	0	0	0	0	0	0	0	0	0	0	0	0	0	0	0	0	0	0	0	0	0	0	0	0	0	0	0	0	0	0	0	0	0	0	0	0	0	0	0	0	0	0	0	0	0	0	0	0	0	0	0	0	0	0	0	0	0	0	
32	45	39	37	37	31	36	34	43	43	43	42	61	55	48	48	47	41	39	46	51	66	44	48	35	33	38	42	36	36	36	33	33	28	17	6	12	4	5	4	8	4	4	7	4	6	5	4	8	3	4	3	4	4	6	5	2	0	0	1	3	5	5	7	3	2	3	4	5	3	4	1	1	3	7	7	2	1	2	3	5	5	2	8	4	4	5	1	1	4	2	2	1	1	5	4	0	0	0	0	0	0	0	0	0	0	0	0	0	0	0	0	0	0	0	0	0	0	0	0	0	0	0	0	0	0	0	0	0	0	0	0	0	0	0	0	
253	345	313	327	323	334	333	366	426	381	394	399	361	343	340	359	363	334	393	384	407	396	461	426	422	399	409	417	383	404	348	342	334	307	324	339	324	295	208	132	63	76	59	62	54	50	49	43	55	57	39	44	40	46	44	60	32	33	34	33	31	44	38	31	36	48	46	38	51	38	54	42	37	42	45	73	58	41	35	49	42	40	42	54	46	49	40	39	37	29	31	30	44	40	37	51	0	0	0	0	0	0	0	0	0	0	0	0	0	0	0	0	0	0	0	0	0	0	0	0	0	0	0	0	0	0	0	0	0	0	0	0	0	0	0	0	
356	408	355	344	347	324	348	391	389	367	372	410	396	378	388	376	346	382	376	413	398	418	406	449	438	431	427	439	446	471	453	439	418	401	395	400	388	394	364	394	361	300	255	165	130	70	88	74	62	75	53	71	62	69	71	67	68	70	71	52	50	51	60	57	67	67	50	50	43	44	59	76	56	64	61	70	74	60	54	55	66	75	64	83	88	73	70	61	48	61	48	51	61	60	61	71	0	0	0	0	0	0	0	0	0	0	0	0	0	0	0	0	0	0	0	0	0	0	0	0	0	0	0	0	0	0	0	0	0	0	0	0	0	0	0	0	
228	264	245	261	265	246	231	256	281	256	238	234	255	237	254	260	268	258	258	248	236	226	231	235	251	252	248	257	268	295	288	283	293	303	279	292	309	272	278	288	262	268	251	253	240	247	195	166	134	83	48	62	57	51	50	48	51	55	52	57	45	46	39	45	37	48	57	42	59	60	39	47	43	49	49	32	48	53	49	42	50	44	45	60	51	48	46	47	53	42	54	59	54	55	46	36	0	0	0	0	0	0	0	0	0	0	0	0	0	0	0	0	0	0	0	0	0	0	0	0	0	0	0	0	0	0	0	0	0	0	0	0	0	0	0	0	
149	153	156	197	170	180	214	192	199	215	235	201	183	160	177	166	179	177	191	181	182	154	164	143	151	171	164	166	161	146	161	160	170	160	183	196	187	182	227	206	205	209	200	191	189	213	205	215	226	213	220	172	141	102	72	44	37	33	38	32	41	32	32	40	34	42	35	33	29	31	33	39	39	24	35	31	38	39	36	41	44	43	33	33	33	33	31	31	36	35	33	32	53	40	37	36	0	0	0	0	0	0	0	0	0	0	0	0	0	0	0	0	0	0	0	0	0	0	0	0	0	0	0	0	0	0	0	0	0	0	0	0	0	0	0	0	
98	121	110	123	130	130	142	159	154	171	180	180	200	180	181	183	165	160	158	151	144	127	134	140	142	135	135	143	139	117	118	125	129	120	118	121	119	133	128	135	163	184	190	173	185	173	177	176	169	174	187	192	181	167	147	146	121	126	102	52	28	37	25	29	25	28	27	29	27	24	23	25	25	33	29	29	32	26	38	28	24	38	30	23	33	31	33	29	19	19	24	21	18	16	22	33	0	0	0	0	0	0	0	0	0	0	0	0	0	0	0	0	0	0	0	0	0	0	0	0	0	0	0	0	0	0	0	0	0	0	0	0	0	0	0	0	
83	85	100	98	107	103	94	105	105	114	95	129	118	130	152	162	148	147	175	170	153	131	124	122	117	99	112	110	132	136	121	127	116	106	117	113	101	131	99	120	95	112	118	126	121	146	134	146	131	132	141	144	135	166	132	131	127	125	132	145	136	123	101	73	61	26	26	18	33	30	18	23	20	20	24	21	27	19	17	17	31	20	24	25	19	24	32	25	26	20	21	22	21	21	26	18	0	0	0	0	0	0	0	0	0	0	0	0	0	0	0	0	0	0	0	0	0	0	0	0	0	0	0	0	0	0	0	0	0	0	0	0	0	0	0	0	
82	90	86	98	86	88	99	105	94	103	107	114	94	103	116	116	126	116	119	109	126	125	140	138	144	124	124	118	105	94	100	102	95	99	91	107	92	87	90	89	87	76	85	93	109	104	106	114	116	120	135	145	129	136	138	122	127	130	114	85	101	122	131	129	118	124	94	80	69	42	25	22	18	24	23	18	23	20	23	16	17	22	17	14	17	16	15	27	20	18	16	14	26	19	12	20	0	0	0	0	0	0	0	0	0	0	0	0	0	0	0	0	0	0	0	0	0	0	0	0	0	0	0	0	0	0	0	0	0	0	0	0	0	0	0	0	
61	68	79	82	80	82	85	91	73	85	67	70	89	85	94	95	96	80	93	106	107	112	119	124	128	128	117	115	118	106	105	86	92	82	91	74	77	78	90	82	93	84	93	86	82	81	66	64	86	75	88	94	96	97	112	107	110	130	112	113	114	103	97	81	97	105	98	107	103	107	88	80	71	51	37	27	24	18	20	21	24	18	14	20	15	16	13	15	12	13	16	12	18	22	14	12	0	0	0	0	0	0	0	0	0	0	0	0	0	0	0	0	0	0	0	0	0	0	0	0	0	0	0	0	0	0	0	0	0	0	0	0	0	0	0	0	
56	54	53	64	54	48	67	74	74	80	77	79	80	75	77	66	66	69	61	69	81	80	91	77	92	97	100	94	85	91	94	103	93	107	99	85	80	78	73	82	60	70	62	83	75	84	76	82	81	83	64	59	68	71	83	68	65	80	81	87	91	110	97	92	86	86	105	91	99	94	87	79	81	87	96	81	66	48	28	19	11	15	19	16	17	14	15	19	9	11	15	14	10	9	13	11	0	0	0	0	0	0	0	0	0	0	0	0	0	0	0	0	0	0	0	0	0	0	0	0	0	0	0	0	0	0	0	0	0	0	0	0	0	0	0	0	
23	32	40	46	45	51	55	48	52	59	59	76	71	64	66	77	71	68	74	76	61	54	55	52	56	72	66	75	79	68	85	81	76	80	79	86	93	89	72	67	65	59	67	67	70	56	62	73	67	60	65	78	62	71	63	65	65	48	50	55	57	58	73	61	67	68	78	73	81	82	74	78	64	52	63	73	73	66	67	69	59	45	32	22	22	15	13	21	21	14	15	15	9	16	14	15	0	0	0	0	0	0	0	0	0	0	0	0	0	0	0	0	0	0	0	0	0	0	0	0	0	0	0	0	0	0	0	0	0	0	0	0	0	0	0	0	
35	47	44	29	29	19	18	37	46	39	46	44	49	57	54	52	47	51	55	47	45	57	54	60	52	48	38	53	45	52	63	55	49	62	50	50	76	71	76	73	72	78	76	63	61	58	53	52	54	54	44	60	46	54	52	51	56	55	59	56	53	41	45	40	37	56	50	56	61	51	56	59	62	58	74	61	67	68	68	62	61	52	58	67	58	42	33	26	21	13	9	12	10	16	9	8	0	0	0	0	0	0	0	0	0	0	0	0	0	0	0	0	0	0	0	0	0	0	0	0	0	0	0	0	0	0	0	0	0	0	0	0	0	0	0	0	
16	21	17	26	30	29	19	25	29	24	27	21	24	29	37	43	40	42	42	32	29	37	36	36	35	44	46	36	41	36	38	33	35	33	31	45	54	57	45	52	45	54	52	55	69	73	60	52	50	44	49	44	47	52	44	45	35	34	45	39	46	42	36	29	36	46	35	36	35	35	34	37	46	51	44	42	55	53	58	46	43	45	45	44	49	43	37	40	45	46	55	33	28	11	7	8	0	0	0	0	0	0	0	0	0	0	0	0	0	0	0	0	0	0	0	0	0	0	0	0	0	0	0	0	0	0	0	0	0	0	0	0	0	0	0	0	
3	3	6	7	17	18	14	13	22	19	17	19	20	24	12	15	17	25	20	26	34	25	30	34	33	25	34	28	24	34	29	33	30	34	22	27	20	20	22	35	38	34	27	36	37	35	30	34	37	38	49	30	33	34	27	25	36	30	33	30	30	35	33	33	24	30	30	30	30	26	20	17	25	29	30	30	28	32	30	31	36	37	31	28	34	27	30	28	26	27	27	25	28	26	26	21	0	0	0	0	0	0	0	0	0	0	0	0	0	0	0	0	0	0	0	0	0	0	0	0	0	0	0	0	0	0	0	0	0	0	0	0	0	0	0	0	
1	0	1	0	3	1	1	8	8	8	8	9	10	14	14	12	11	9	12	7	13	6	18	10	24	17	23	23	27	25	17	20	15	20	13	15	16	19	16	10	13	20	16	13	14	19	14	18	18	17	15	25	28	33	28	16	18	20	22	18	21	16	20	18	19	18	16	17	23	18	16	20	12	17	21	17	17	22	23	20	22	19	25	22	24	21	25	23	14	12	18	18	22	17	20	17	0	0	0	0	0	0	0	0	0	0	0	0	0	0	0	0	0	0	0	0	0	0	0	0	0	0	0	0	0	0	0	0	0	0	0	0	0	0	0	0	
0	0	0	0	0	0	0	0	1	0	1	0	3	5	4	3	4	6	10	11	8	14	12	16	10	10	7	9	6	6	8	11	16	7	8	13	15	12	15	13	17	23	17	11	11	10	15	15	16	15	9	15	13	17	12	13	14	15	16	14	14	13	13	10	7	13	16	23	16	12	12	12	18	18	25	20	13	13	17	17	21	15	13	12	16	24	17	16	21	20	19	13	11	14	20	13	0	0	0	0	0	0	0	0	0	0	0	0	0	0	0	0	0	0	0	0	0	0	0	0	0	0	0	0	0	0	0	0	0	0	0	0	0	0	0	0	
0	0	0	0	0	0	0	0	0	0	0	0	0	0	0	0	0	0	0	0	0	0	0	0	0	0	0	0	0	0	0	0	0	0	0	0	0	0	0	0	0	0	0	0	0	0	0	0	0	0	0	0	0	0	0	0	0	0	0	0	0	0	0	0	0	0	0	0	0	0	0	0	0	0	0	0	0	0	0	0	0	0	0	0	0	0	0	0	0	0	0	0	0	0	0	0	0	0	0	0	0	0	0	0	0	0	0	0	0	0	0	0	0	0	0	0	0	0	0	0	0	0	0	0	0	0	0	0	0	0	0	0	0	0	0	0	
0	0	0	0	0	0	0	0	0	0	0	0	0	0	0	0	0	0	0	0	0	0	0	0	0	0	0	0	0	0	0	0	0	0	0	0	0	0	0	0	0	0	0	0	0	0	0	0	0	0	0	0	0	0	0	0	0	0	0	0	0	0	0	0	0	0	0	0	0	0	0	0	0	0	0	0	0	0	0	0	0	0	0	0	0	0	0	0	0	0	0	0	0	0	0	0	0	0	0	0	0	0	0	0	0	0	0	0	0	0	0	0	0	0	0	0	0	0	0	0	0	0	0	0	0	0	0	0	0	0	0	0	0	0	0	0	
0	0	0	0	0	0	0	0	0	0	0	0	0	0	0	0	0	0	0	0	0	0	0	0	0	0	0	0	0	0	0	0	1	2	1	1	0	0	0	0	0	0	0	0	0	1	0	0	0	0	0	0	0	0	1	0	0	0	0	0	0	0	0	0	0	0	0	0	0	0	0	0	0	0	0	0	0	1	0	0	1	0	0	0	0	0	0	0	0	1	0	0	0	0	0	0	0	0	0	0	0	0	0	0	0	0	0	0	0	0	0	0	0	0	0	0	0	0	0	0	0	0	0	0	0	0	0	0	0	0	0	0	0	0	0	0	
0	0	0	0	0	0	0	0	0	0	0	0	0	0	0	0	0	1	0	1	0	4	3	5	2	6	4	15	14	12	18	13	21	21	19	12	12	14	17	6	4	1	3	3	7	3	1	4	2	1	4	2	1	2	3	4	2	5	1	1	2	0	1	0	1	5	4	3	3	4	2	4	6	6	2	3	3	5	1	3	3	3	5	3	5	3	4	4	2	3	2	2	1	2	1	2	0	0	0	0	0	0	0	0	0	0	0	0	0	0	0	0	0	0	0	0	0	0	0	0	0	0	0	0	0	0	0	0	0	0	0	0	0	0	0	0	
0	0	0	0	0	0	0	0	0	0	0	0	0	0	0	0	0	0	1	1	4	5	13	5	22	38	56	72	68	84	77	73	72	76	75	91	75	64	61	55	62	56	31	23	19	15	18	18	10	14	13	20	17	12	21	17	15	11	10	14	14	11	11	8	11	11	8	9	8	11	10	15	10	11	11	16	11	7	15	8	13	6	5	8	10	8	5	9	8	4	9	7	12	7	5	7	0	0	0	0	0	0	0	0	0	0	0	0	0	0	0	0	0	0	0	0	0	0	0	0	0	0	0	0	0	0	0	0	0	0	0	0	0	0	0	0	
0	0	0	0	0	0	0	0	0	0	0	0	0	0	0	0	1	0	0	0	4	7	14	19	28	54	71	99	104	124	111	123	127	148	140	144	140	128	100	90	90	86	74	72	79	70	48	44	37	19	10	11	15	10	14	22	29	19	17	16	8	15	11	10	13	11	12	10	16	9	14	10	12	13	9	11	16	13	9	13	9	15	12	14	15	12	16	16	14	8	12	14	14	7	8	12	0	0	0	0	0	0	0	0	0	0	0	0	0	0	0	0	0	0	0	0	0	0	0	0	0	0	0	0	0	0	0	0	0	0	0	0	0	0	0	0	
0	0	0	0	0	0	0	0	0	0	0	0	0	0	0	0	0	0	0	2	2	5	9	19	24	34	72	82	98	103	111	136	138	150	143	132	136	123	126	142	145	131	114	96	83	92	89	86	87	83	75	58	50	36	24	10	15	21	18	19	17	19	17	14	16	14	10	13	9	9	14	16	18	16	14	16	17	11	14	9	9	13	14	15	17	15	8	14	10	13	11	7	9	10	9	8	0	0	0	0	0	0	0	0	0	0	0	0	0	0	0	0	0	0	0	0	0	0	0	0	0	0	0	0	0	0	0	0	0	0	0	0	0	0	0	0	
0	0	0	0	0	0	0	0	0	0	0	0	0	0	0	0	0	0	0	0	3	3	5	10	16	25	55	71	70	77	107	112	114	104	112	117	136	120	132	138	145	147	140	134	137	141	128	112	100	95	88	82	84	100	85	80	62	42	25	25	8	15	10	13	18	20	15	18	6	5	10	10	17	17	16	14	11	16	13	11	12	11	7	9	13	15	17	14	18	15	13	11	9	9	8	14	0	0	0	0	0	0	0	0	0	0	0	0	0	0	0	0	0	0	0	0	0	0	0	0	0	0	0	0	0	0	0	0	0	0	0	0	0	0	0	0	
0	0	0	0	0	0	0	0	0	0	0	0	0	0	0	0	1	0	0	0	0	2	2	11	12	18	32	52	64	68	67	85	95	92	93	107	108	102	105	125	130	125	125	126	119	125	128	122	131	140	141	108	94	102	92	74	61	83	73	74	66	60	48	35	24	11	17	21	23	21	19	10	10	14	15	12	13	8	9	6	12	9	11	12	8	14	12	8	5	11	14	13	15	14	16	6	0	0	0	0	0	0	0	0	0	0	0	0	0	0	0	0	0	0	0	0	0	0	0	0	0	0	0	0	0	0	0	0	0	0	0	0	0	0	0	0	
0	0	0	0	0	0	0	0	0	0	0	0	0	0	0	0	0	0	0	0	1	0	0	5	11	12	21	32	35	43	39	38	72	75	90	77	91	87	84	82	102	94	93	101	99	108	99	101	103	101	98	90	94	92	103	108	97	101	102	78	74	74	58	66	68	64	45	39	33	23	14	18	11	15	16	12	13	12	15	11	12	16	13	12	12	12	10	8	10	12	9	5	10	8	7	8	0	0	0	0	0	0	0	0	0	0	0	0	0	0	0	0	0	0	0	0	0	0	0	0	0	0	0	0	0	0	0	0	0	0	0	0	0	0	0	0	
0	0	0	0	0	0	0	0	0	0	0	0	0	0	0	0	0	0	0	0	0	0	1	2	6	10	15	19	26	29	35	31	41	42	52	43	51	62	60	70	67	58	77	74	65	72	66	69	82	85	80	64	76	82	79	75	78	97	80	97	85	66	69	62	64	74	64	71	56	49	44	32	29	23	15	10	6	7	6	8	8	7	8	5	10	13	6	9	11	7	11	11	7	9	7	8	0	0	0	0	0	0	0	0	0	0	0	0	0	0	0	0	0	0	0	0	0	0	0	0	0	0	0	0	0	0	0	0	0	0	0	0	0	0	0	0	
0	0	0	0	0	0	0	0	0	0	0	0	0	0	0	0	0	0	0	0	0	0	0	0	3	3	6	9	21	30	16	29	29	32	38	35	33	32	39	38	41	45	55	67	58	54	54	56	51	58	57	59	53	65	56	56	60	54	70	64	71	66	59	63	63	59	65	57	73	57	50	53	35	40	34	39	15	17	17	10	10	13	6	6	5	10	6	10	7	7	9	12	8	5	7	7	0	0	0	0	0	0	0	0	0	0	0	0	0	0	0	0	0	0	0	0	0	0	0	0	0	0	0	0	0	0	0	0	0	0	0	0	0	0	0	0	
0	0	0	0	0	0	0	0	0	0	0	0	0	0	0	0	0	0	0	1	1	1	0	0	0	0	3	2	5	11	9	12	16	17	20	22	22	19	22	30	35	37	31	31	31	29	41	38	36	41	41	40	43	43	44	46	50	44	34	45	46	48	39	41	38	50	52	61	57	50	66	46	48	35	43	26	41	38	23	25	27	17	26	10	8	6	6	4	5	8	7	6	5	9	9	8	0	0	0	0	0	0	0	0	0	0	0	0	0	0	0	0	0	0	0	0	0	0	0	0	0	0	0	0	0	0	0	0	0	0	0	0	0	0	0	0	
0	0	0	0	0	0	0	0	0	0	0	0	0	0	0	0	0	0	0	0	0	0	0	0	0	0	1	3	4	1	3	4	5	8	9	8	16	14	12	18	13	17	22	25	26	30	24	31	33	27	33	32	28	30	29	29	33	36	35	25	19	25	31	26	34	32	36	36	32	35	34	39	38	38	42	36	33	38	39	27	30	30	34	29	28	25	21	11	11	7	5	8	5	4	6	5	0	0	0	0	0	0	0	0	0	0	0	0	0	0	0	0	0	0	0	0	0	0	0	0	0	0	0	0	0	0	0	0	0	0	0	0	0	0	0	0	
0	0	0	0	0	0	0	0	0	0	0	0	0	0	0	0	0	0	0	0	0	0	0	0	0	0	1	1	0	0	0	2	2	1	2	4	5	10	13	11	7	9	9	11	10	13	18	16	17	22	15	18	13	11	10	19	17	20	20	20	21	19	21	14	16	15	16	17	17	26	25	28	25	26	22	21	27	24	32	27	26	29	27	26	28	27	29	24	22	14	14	8	12	8	2	1	0	0	0	0	0	0	0	0	0	0	0	0	0	0	0	0	0	0	0	0	0	0	0	0	0	0	0	0	0	0	0	0	0	0	0	0	0	0	0	0	
0	0	0	0	0	0	0	0	0	0	0	0	0	0	0	0	0	0	0	0	0	0	0	0	0	0	0	0	0	0	0	0	0	0	1	2	0	2	1	2	4	7	5	3	6	6	5	8	11	9	6	4	5	10	14	8	14	12	6	9	9	13	10	14	21	16	12	12	14	6	9	14	10	15	18	17	14	14	16	20	17	18	24	30	22	19	19	14	7	17	16	21	12	12	12	10	0	0	0	0	0	0	0	0	0	0	0	0	0	0	0	0	0	0	0	0	0	0	0	0	0	0	0	0	0	0	0	0	0	0	0	0	0	0	0	0	
0	0	0	0	0	0	0	0	0	0	0	0	0	0	0	0	0	0	0	0	0	0	0	0	0	0	0	0	0	0	0	0	0	0	0	0	1	1	1	0	1	1	0	1	0	2	3	1	4	2	4	2	3	1	1	2	3	8	4	0	6	5	4	8	7	7	8	13	7	7	10	8	3	3	6	7	7	4	3	8	5	7	7	4	10	7	13	13	17	9	7	6	9	11	13	11	0	0	0	0	0	0	0	0	0	0	0	0	0	0	0	0	0	0	0	0	0	0	0	0	0	0	0	0	0	0	0	0	0	0	0	0	0	0	0	0	
0	0	0	0	0	0	0	0	0	0	0	0	0	0	0	0	0	0	0	0	0	0	0	0	0	0	0	0	0	0	0	0	0	0	0	0	0	0	0	1	2	2	0	1	3	1	1	1	3	2	2	1	1	4	4	5	4	3	3	3	2	3	4	5	4	2	3	3	3	4	8	5	5	5	4	5	6	6	5	4	6	6	4	3	0	4	5	4	1	4	5	7	10	9	9	8	0	0	0	0	0	0	0	0	0	0	0	0	0	0	0	0	0	0	0	0	0	0	0	0	0	0	0	0	0	0	0	0	0	0	0	0	0	0	0	0	
0	0	0	0	0	0	0	0	0	0	0	0	0	0	0	0	0	0	0	0	0	0	0	0	0	0	0	0	0	0	0	0	0	0	0	0	0	0	0	0	0	0	0	0	0	0	0	0	0	0	0	0	0	0	0	0	0	0	0	0	0	0	0	0	0	0	0	0	0	0	0	0	0	0	0	0	0	0	0	0	0	0	0	0	0	0	0	0	0	0	0	0	0	0	0	0	0	0	0	0	0	0	0	0	0	0	0	0	0	0	0	0	0	0	0	0	0	0	0	0	0	0	0	0	0	0	0	0	0	0	0	0	0	0	0	0	
0	0	0	0	0	0	0	0	0	0	0	0	0	0	0	0	0	0	0	0	0	0	0	0	0	0	0	0	0	0	0	0	0	0	0	0	0	0	0	0	0	0	0	0	0	0	0	0	0	0	0	0	0	0	0	0	0	0	0	0	0	0	0	0	0	0	0	0	0	0	0	0	0	0	0	0	0	0	0	0	0	0	0	0	0	0	0	0	0	0	0	0	0	0	0	0	0	0	0	0	0	0	0	0	0	0	0	0	0	0	0	0	0	0	0	0	0	0	0	0	0	0	0	0	0	0	0	0	0	0	0	0	0	0	0	0	
0	0	0	0	0	0	1	1	1	5	3	3	2	1	3	3	2	2	4	6	7	4	6	6	3	3	3	4	4	3	1	0	2	1	0	2	2	0	0	0	1	0	0	0	0	0	0	0	0	0	0	0	0	0	0	0	0	0	1	0	0	1	0	0	0	0	0	0	0	1	0	0	0	0	0	0	0	0	0	0	0	0	0	0	0	0	0	1	1	0	0	0	0	0	1	0	0	0	0	0	0	0	0	0	0	0	0	0	0	0	0	0	0	0	0	0	0	0	0	0	0	0	0	0	0	0	0	0	0	0	0	0	0	0	0	0	
0	0	0	0	0	7	10	10	11	19	32	44	62	72	84	97	88	90	93	105	144	146	136	113	123	115	114	78	69	68	76	74	59	48	37	28	29	24	18	9	7	8	7	7	3	2	3	8	4	5	6	0	3	6	6	6	4	1	2	3	3	2	1	4	3	5	3	0	3	4	8	2	0	3	4	1	3	6	2	3	5	2	1	2	3	6	10	5	2	2	1	0	4	1	5	3	0	0	0	0	0	0	0	0	0	0	0	0	0	0	0	0	0	0	0	0	0	0	0	0	0	0	0	0	0	0	0	0	0	0	0	0	0	0	0	0	
0	0	0	0	0	4	7	10	16	28	35	56	66	108	135	169	180	202	222	226	255	264	273	276	259	273	240	217	218	177	162	158	117	123	88	82	62	69	63	54	45	40	34	20	13	10	4	4	11	9	15	8	3	7	11	12	9	12	4	8	3	5	7	9	10	4	5	8	9	5	5	6	6	4	5	11	4	6	6	7	7	5	7	6	6	7	6	6	9	8	9	5	10	10	9	11	0	0	0	0	0	0	0	0	0	0	0	0	0	0	0	0	0	0	0	0	0	0	0	0	0	0	0	0	0	0	0	0	0	0	0	0	0	0	0	0	
0	0	0	0	0	1	4	4	13	16	19	30	39	58	88	114	132	166	184	188	235	245	250	224	246	222	217	208	181	152	167	143	135	111	108	86	68	59	46	52	32	38	50	46	44	39	26	20	17	8	13	3	4	6	9	5	4	7	9	6	8	7	4	9	4	8	9	8	4	4	6	8	5	5	3	6	10	5	8	3	6	3	8	6	9	8	11	2	10	4	4	9	6	6	8	7	0	0	0	0	0	0	0	0	0	0	0	0	0	0	0	0	0	0	0	0	0	0	0	0	0	0	0	0	0	0	0	0	0	0	0	0	0	0	0	0	
0	0	0	0	0	2	1	5	4	4	16	18	26	37	42	45	81	96	121	134	144	181	196	171	164	162	161	162	125	116	108	116	100	91	65	80	71	58	66	54	45	37	41	54	27	36	28	30	31	30	22	19	14	10	6	8	3	4	3	4	3	3	4	4	4	4	6	6	4	2	3	4	3	4	7	3	2	3	5	9	7	4	7	2	5	5	3	5	2	3	5	4	5	3	3	4	0	0	0	0	0	0	0	0	0	0	0	0	0	0	0	0	0	0	0	0	0	0	0	0	0	0	0	0	0	0	0	0	0	0	0	0	0	0	0	0	
0	0	0	0	0	1	2	4	6	11	11	7	15	22	38	50	47	58	68	90	102	111	127	136	140	131	101	95	98	91	75	76	55	52	56	53	47	40	42	39	28	34	52	41	47	41	42	24	34	28	26	27	19	21	22	21	14	13	11	7	6	1	2	2	4	4	6	4	5	2	2	4	7	6	4	3	3	3	4	5	3	5	1	2	2	4	3	2	1	2	2	2	3	2	3	2	0	0	0	0	0	0	0	0	0	0	0	0	0	0	0	0	0	0	0	0	0	0	0	0	0	0	0	0	0	0	0	0	0	0	0	0	0	0	0	0	
0	0	0	0	0	0	4	5	6	3	5	8	12	15	21	20	28	49	58	48	61	84	93	100	84	89	72	82	68	72	63	56	51	53	37	40	32	42	32	28	26	32	26	29	29	26	38	30	19	30	32	31	23	21	21	17	29	17	17	16	21	17	11	7	14	4	2	4	5	1	1	2	5	3	5	2	0	5	5	4	7	8	10	5	4	3	0	0	4	1	1	4	3	1	1	4	0	0	0	0	0	0	0	0	0	0	0	0	0	0	0	0	0	0	0	0	0	0	0	0	0	0	0	0	0	0	0	0	0	0	0	0	0	0	0	0	
0	0	0	0	0	0	0	0	1	3	4	6	6	7	11	15	19	33	37	28	39	43	55	69	58	73	68	62	49	46	33	34	29	40	34	34	31	35	26	26	26	27	20	25	21	20	20	22	22	25	21	20	23	31	22	28	21	24	23	21	13	21	17	20	19	12	7	6	6	6	1	3	3	3	3	7	5	4	5	5	4	3	4	1	2	4	3	5	4	1	2	4	1	2	1	1	0	0	0	0	0	0	0	0	0	0	0	0	0	0	0	0	0	0	0	0	0	0	0	0	0	0	0	0	0	0	0	0	0	0	0	0	0	0	0	0	
0	0	0	0	0	0	0	0	0	0	1	2	2	3	6	5	2	8	10	16	18	22	30	36	36	36	29	44	41	37	37	32	23	25	14	22	20	21	31	26	16	28	19	20	18	19	22	16	10	20	16	21	16	19	13	13	10	11	22	23	16	12	17	13	7	23	15	13	13	9	9	15	9	4	4	3	3	2	4	4	0	0	3	2	0	4	6	5	4	4	3	4	3	3	3	1	0	0	0	0	0	0	0	0	0	0	0	0	0	0	0	0	0	0	0	0	0	0	0	0	0	0	0	0	0	0	0	0	0	0	0	0	0	0	0	0	
0	0	0	0	0	0	0	0	0	0	0	0	1	0	1	2	5	5	4	11	11	17	16	19	17	24	22	19	23	19	15	20	21	15	15	18	18	13	13	9	15	12	11	9	9	16	10	18	16	19	17	14	12	14	9	14	6	12	10	16	11	11	16	18	11	17	17	26	17	17	14	10	10	7	9	9	7	11	10	3	0	1	4	3	0	2	2	2	3	0	1	1	1	1	1	2	0	0	0	0	0	0	0	0	0	0	0	0	0	0	0	0	0	0	0	0	0	0	0	0	0	0	0	0	0	0	0	0	0	0	0	0	0	0	0	0	
0	0	0	0	0	0	0	0	0	0	0	1	2	1	1	2	2	1	1	3	3	5	7	5	9	9	12	11	8	5	11	9	8	5	10	12	11	11	15	9	11	11	9	13	9	7	3	8	13	10	9	11	8	8	9	7	7	11	13	7	9	12	22	9	10	5	6	19	15	8	8	11	5	9	5	10	9	9	10	13	7	4	6	5	6	2	3	2	1	1	2	3	3	2	2	1	0	0	0	0	0	0	0	0	0	0	0	0	0	0	0	0	0	0	0	0	0	0	0	0	0	0	0	0	0	0	0	0	0	0	0	0	0	0	0	0	
0	0	0	0	0	0	0	0	0	0	0	0	0	0	0	0	0	2	2	1	2	2	1	1	1	1	5	5	0	1	5	2	1	2	7	10	8	4	4	4	4	7	6	9	11	4	8	6	6	4	6	6	9	4	6	7	11	6	6	3	5	8	5	8	8	8	9	4	7	7	4	5	11	6	9	6	10	6	8	10	8	7	2	6	5	8	4	2	1	2	0	2	1	0	1	2	0	0	0	0	0	0	0	0	0	0	0	0	0	0	0	0	0	0	0	0	0	0	0	0	0	0	0	0	0	0	0	0	0	0	0	0	0	0	0	0	
0	0	0	0	0	0	0	0	0	0	0	0	0	0	0	0	0	0	0	0	1	0	0	0	0	0	1	1	1	1	2	0	0	0	1	4	3	3	4	2	3	6	3	1	2	2	3	2	2	2	3	3	2	1	3	4	5	8	4	7	6	6	4	5	6	4	3	6	7	4	6	5	5	6	7	8	7	9	8	6	8	7	5	6	4	5	4	5	2	1	6	2	1	0	4	0	0	0	0	0	0	0	0	0	0	0	0	0	0	0	0	0	0	0	0	0	0	0	0	0	0	0	0	0	0	0	0	0	0	0	0	0	0	0	0	0	
0	0	0	0	0	0	0	0	0	0	0	0	0	0	0	0	0	0	0	0	0	0	0	0	0	0	0	1	0	0	0	0	0	1	1	0	1	1	0	1	1	2	0	1	1	3	1	3	1	1	1	4	4	1	2	4	1	1	5	6	4	5	6	8	4	4	6	4	5	2	0	1	4	2	4	2	2	2	3	7	2	2	5	5	6	4	3	3	2	3	3	4	3	3	5	5	0	0	0	0	0	0	0	0	0	0	0	0	0	0	0	0	0	0	0	0	0	0	0	0	0	0	0	0	0	0	0	0	0	0	0	0	0	0	0	0	
0	0	0	0	0	0	0	0	0	0	0	0	0	0	0	0	0	0	0	0	0	0	0	0	0	0	1	1	1	0	0	0	0	0	0	0	0	0	0	0	0	1	1	0	0	1	1	1	2	2	1	1	0	1	0	0	0	0	2	3	2	0	1	2	1	1	2	0	2	3	4	3	3	4	3	3	3	0	1	2	3	3	2	1	2	4	2	2	3	6	2	2	3	3	2	3	0	0	0	0	0	0	0	0	0	0	0	0	0	0	0	0	0	0	0	0	0	0	0	0	0	0	0	0	0	0	0	0	0	0	0	0	0	0	0	0	
0	0	0	0	0	0	0	0	0	0	0	0	0	0	0	0	0	0	0	0	0	0	0	0	0	0	0	0	0	0	0	0	0	0	0	0	0	0	0	0	0	0	1	0	0	0	0	0	0	0	1	1	1	0	1	1	1	0	1	0	1	1	0	1	0	0	0	2	1	2	1	2	1	2	1	1	0	2	1	0	0	1	2	1	0	1	2	0	0	1	2	3	0	0	4	2	0	0	0	0	0	0	0	0	0	0	0	0	0	0	0	0	0	0	0	0	0	0	0	0	0	0	0	0	0	0	0	0	0	0	0	0	0	0	0	0	
0	0	0	0	0	0	0	0	0	0	0	0	0	0	0	0	0	0	0	0	0	0	0	0	0	0	0	0	0	0	0	0	0	0	0	0	0	0	0	0	0	0	0	0	0	0	0	0	0	0	0	0	0	0	0	0	0	0	0	0	0	0	0	0	0	0	0	0	0	0	0	0	0	0	0	0	0	0	0	0	0	0	0	0	0	0	0	0	0	0	0	0	0	0	0	0	0	0	0	0	0	0	0	0	0	0	0	0	0	0	0	0	0	0	0	0	0	0	0	0	0	0	0	0	0	0	0	0	0	0	0	0	0	0	0	0	
0	0	0	0	0	0	0	0	0	0	0	0	0	0	0	0	0	0	0	0	0	0	0	0	0	0	0	0	0	0	0	0	0	0	0	0	0	0	0	0	0	0	0	0	0	0	0	0	0	0	0	0	0	0	0	0	0	0	0	0	0	0	0	0	0	0	0	0	0	0	0	0	0	0	0	0	0	0	0	0	0	0	0	0	0	0	0	0	0	0	0	0	0	0	0	0	0	0	0	0	0	0	0	0	0	0	0	0	0	0	0	0	0	0	0	0	0	0	0	0	0	0	0	0	0	0	0	0	0	0	0	0	0	0	0	0	
0	132	112	92	105	98	112	110	136	128	101	112	138	150	131	144	148	137	128	121	146	161	132	135	99	113	115	132	122	113	114	100	119	90	87	85	89	96	96	113	104	88	78	88	85	102	108	82	99	95	101	106	105	106	90	90	77	79	90	94	87	94	103	95	92	93	74	85	101	86	75	95	83	84	109	93	95	96	83	83	86	86	78	108	93	78	93	86	90	73	77	89	97	91	88	93	0	0	0	0	0	0	0	0	0	0	0	0	0	0	0	0	0	0	0	0	0	0	0	0	0	0	0	0	0	0	0	0	0	0	0	0	0	0	0	0	
0	918	850	916	914	933	980	1018	1045	1013	1057	1036	1040	1026	1008	1017	1040	1047	1070	1103	1118	1165	1252	1203	1154	1159	1145	1078	1048	1006	984	970	977	943	964	969	968	982	903	829	839	851	841	839	809	821	784	845	813	845	877	852	896	928	918	873	851	856	891	856	816	788	815	774	807	845	827	857	907	862	800	751	746	809	798	864	858	861	903	845	816	825	795	856	805	833	862	794	792	784	781	835	846	794	799	783	0	0	0	0	0	0	0	0	0	0	0	0	0	0	0	0	0	0	0	0	0	0	0	0	0	0	0	0	0	0	0	0	0	0	0	0	0	0	0	0	
0	1312	1180	1151	1133	1120	1255	1271	1296	1314	1303	1290	1301	1281	1233	1236	1207	1205	1180	1244	1249	1290	1296	1348	1374	1386	1401	1447	1428	1452	1438	1432	1324	1322	1335	1305	1331	1328	1295	1303	1296	1274	1268	1187	1081	1067	1079	1085	1072	1080	1080	1073	1115	1119	1134	1139	1124	1109	1126	1123	1128	1083	1142	1132	1122	1068	1052	1086	1063	1058	1126	1058	1057	1056	1039	1011	1041	1074	1110	1073	1033	1064	1096	1141	1091	1076	1030	1040	1058	1029	1002	1031	1059	1061	1057	1033	0	0	0	0	0	0	0	0	0	0	0	0	0	0	0	0	0	0	0	0	0	0	0	0	0	0	0	0	0	0	0	0	0	0	0	0	0	0	0	0	
0	957	903	928	915	897	896	939	978	929	917	905	928	897	884	902	905	852	842	801	795	780	829	822	844	872	887	899	947	923	918	959	1029	1006	1025	994	1048	984	962	947	949	923	963	984	985	960	892	904	879	763	703	776	822	781	746	767	762	814	786	819	820	796	803	773	776	810	766	853	843	827	746	768	758	752	744	761	774	793	770	789	819	743	764	765	788	789	809	805	809	807	721	737	771	824	751	742	0	0	0	0	0	0	0	0	0	0	0	0	0	0	0	0	0	0	0	0	0	0	0	0	0	0	0	0	0	0	0	0	0	0	0	0	0	0	0	0	
0	648	636	708	681	713	751	721	799	796	795	748	775	723	726	715	681	654	677	637	659	634	586	537	560	581	585	553	566	586	604	599	589	636	704	713	726	730	740	789	773	775	772	757	736	766	765	783	800	787	796	745	740	698	635	615	598	583	594	583	596	552	586	632	634	633	651	627	639	668	610	636	611	636	657	567	621	620	614	620	614	612	624	617	565	591	579	598	611	631	572	557	641	626	665	618	0	0	0	0	0	0	0	0	0	0	0	0	0	0	0	0	0	0	0	0	0	0	0	0	0	0	0	0	0	0	0	0	0	0	0	0	0	0	0	0	
0	448	473	493	480	547	558	602	631	650	682	714	684	655	635	671	663	625	612	568	545	525	547	560	500	491	503	482	466	463	507	496	497	481	494	508	511	518	552	559	591	640	622	659	659	667	633	613	707	639	690	655	663	685	679	649	620	633	568	558	533	524	511	520	500	510	515	530	577	554	545	517	500	509	522	543	555	548	507	539	544	556	554	554	511	551	543	521	555	516	542	526	539	502	528	533	0	0	0	0	0	0	0	0	0	0	0	0	0	0	0	0	0	0	0	0	0	0	0	0	0	0	0	0	0	0	0	0	0	0	0	0	0	0	0	0	
0	372	396	385	400	397	375	446	445	469	452	485	522	493	561	564	571	604	584	587	563	535	495	475	472	424	461	468	449	433	417	439	414	406	386	419	408	439	430	424	417	462	485	504	526	548	562	587	575	560	570	569	584	590	564	577	557	578	591	617	571	557	560	528	504	499	452	442	479	458	436	443	453	464	466	462	476	443	443	485	473	481	472	504	477	433	444	449	457	464	521	505	483	464	447	431	0	0	0	0	0	0	0	0	0	0	0	0	0	0	0	0	0	0	0	0	0	0	0	0	0	0	0	0	0	0	0	0	0	0	0	0	0	0	0	0	
0	314	328	333	313	331	326	351	340	392	413	396	412	394	436	470	442	426	482	482	498	478	498	496	482	471	428	441	398	374	392	385	335	377	328	355	361	352	361	370	366	340	341	369	393	413	404	426	453	479	533	520	527	533	558	521	522	513	499	502	511	525	513	518	531	543	522	510	445	426	435	413	428	435	458	396	429	445	433	384	432	446	407	448	471	452	433	445	439	406	376	413	415	418	414	448	0	0	0	0	0	0	0	0	0	0	0	0	0	0	0	0	0	0	0	0	0	0	0	0	0	0	0	0	0	0	0	0	0	0	0	0	0	0	0	0	
0	260	283	259	285	288	327	299	280	295	287	294	335	333	343	331	351	353	365	374	397	405	439	432	422	451	434	429	413	407	381	345	352	333	336	328	330	301	320	301	307	301	311	346	332	323	306	315	343	337	371	377	377	383	417	411	472	499	497	504	486	480	430	437	455	425	465	471	481	470	447	427	434	409	417	370	354	382	374	372	352	369	379	413	362	403	366	413	412	409	373	387	383	385	381	363	0	0	0	0	0	0	0	0	0	0	0	0	0	0	0	0	0	0	0	0	0	0	0	0	0	0	0	0	0	0	0	0	0	0	0	0	0	0	0	0	
0	206	229	233	222	229	262	251	257	268	259	291	289	272	272	279	280	273	274	284	283	288	343	319	345	342	352	375	395	353	380	353	351	364	353	342	302	319	303	306	264	260	244	285	295	300	283	301	296	299	306	304	316	287	330	335	323	350	388	390	409	421	469	437	407	397	423	383	414	397	421	407	425	418	447	400	387	372	335	341	294	354	357	323	340	349	329	349	334	322	316	331	338	352	379	339	0	0	0	0	0	0	0	0	0	0	0	0	0	0	0	0	0	0	0	0	0	0	0	0	0	0	0	0	0	0	0	0	0	0	0	0	0	0	0	0	
0	169	168	190	160	182	195	203	214	235	232	220	229	218	235	269	261	267	242	245	215	235	239	233	253	272	282	268	283	272	301	304	289	288	287	288	305	328	299	289	268	257	273	237	247	224	246	256	232	227	246	246	218	257	249	261	269	260	256	275	257	254	294	317	335	340	365	356	396	365	343	382	354	357	364	368	376	362	345	389	321	320	298	293	280	272	293	281	287	256	256	280	283	301	281	307	0	0	0	0	0	0	0	0	0	0	0	0	0	0	0	0	0	0	0	0	0	0	0	0	0	0	0	0	0	0	0	0	0	0	0	0	0	0	0	0	
0	145	155	139	127	121	107	129	142	151	165	151	161	184	193	206	190	182	193	189	191	195	208	221	215	167	175	221	210	206	187	212	219	217	207	219	241	244	251	256	269	261	271	248	252	218	222	231	219	205	202	203	196	200	180	199	203	192	228	218	220	204	238	201	216	248	231	253	258	260	275	280	310	290	306	326	277	295	297	273	267	290	289	287	286	288	273	276	251	235	212	239	236	234	246	233	0	0	0	0	0	0	0	0	0	0	0	0	0	0	0	0	0	0	0	0	0	0	0	0	0	0	0	0	0	0	0	0	0	0	0	0	0	0	0	0	
0	94	92	105	111	106	104	112	109	92	110	109	121	117	135	119	139	137	152	156	130	133	146	143	153	157	164	148	153	143	148	144	161	162	167	156	166	166	178	193	184	214	202	196	222	231	217	213	205	188	196	186	186	181	173	162	148	134	144	165	168	153	179	160	169	185	170	162	169	180	172	170	200	209	200	219	221	241	249	244	209	220	214	228	223	226	229	224	245	216	235	199	194	170	184	204	0	0	0	0	0	0	0	0	0	0	0	0	0	0	0	0	0	0	0	0	0	0	0	0	0	0	0	0	0	0	0	0	0	0	0	0	0	0	0	0	
0	21	38	43	58	61	59	74	75	74	77	75	79	80	70	64	93	91	86	93	107	99	108	111	98	98	85	107	105	109	93	122	116	113	98	95	88	104	105	114	119	119	112	125	132	144	127	136	138	140	169	149	153	135	124	115	139	134	141	129	128	134	114	111	108	134	107	102	123	113	122	101	110	112	123	128	131	137	152	144	161	167	155	167	178	150	157	148	146	142	156	137	148	160	160	149	0	0	0	0	0	0	0	0	0	0	0	0	0	0	0	0	0	0	0	0	0	0	0	0	0	0	0	0	0	0	0	0	0	0	0	0	0	0	0	0	
0	3	6	8	9	12	15	26	30	29	28	29	29	46	53	54	45	41	51	40	49	42	56	53	69	68	67	71	74	66	69	64	49	63	57	72	74	69	64	66	59	71	70	60	76	75	66	67	80	85	70	98	92	101	97	96	98	89	93	95	90	72	96	85	82	68	67	62	73	80	85	83	74	79	80	69	69	82	74	71	84	84	97	87	96	99	120	117	113	94	101	104	96	84	90	80	0	0	0	0	0	0	0	0	0	0	0	0	0	0	0	0	0	0	0	0	0	0	0	0	0	0	0	0	0	0	0	0	0	0	0	0	0	0	0	0	
0	0	0	0	1	2	2	4	4	2	3	6	11	21	13	13	17	20	23	29	33	33	32	32	33	32	34	33	41	35	36	40	49	40	39	41	42	45	54	54	54	73	67	56	48	46	56	59	67	67	49	53	58	61	57	58	54	58	67	82	79	74	63	78	73	75	70	82	71	76	66	58	73	65	95	75	65	59	63	71	64	56	56	67	71	82	72	70	75	87	78	65	74	76	75	83	0	0	0	0	0	0	0	0	0	0	0	0	0	0	0	0	0	0	0	0	0	0	0	0	0	0	0	0	0	0	0	0	0	0	0	0	0	0	0	0	
0	0	0	0	0	0	0	0	0	0	0	0	0	0	0	0	0	0	0	0	0	0	0	0	0	0	0	0	0	0	0	0	0	0	0	0	0	0	0	0	0	0	0	0	0	0	0	0	0	0	0	0	0	0	0	0	0	0	0	0	0	0	0	0	0	0	0	0	0	0	0	0	0	0	0	0	0	0	0	0	0	0	0	0	0	0	0	0	0	0	0	0	0	0	0	0	0	0	0	0	0	0	0	0	0	0	0	0	0	0	0	0	0	0	0	0	0	0	0	0	0	0	0	0	0	0	0	0	0	0	0	0	0	0	0	0	
0	0	0	0	0	0	0	0	0	0	0	0	0	0	0	0	0	0	0	0	0	0	0	0	0	0	0	0	0	0	0	0	0	0	0	0	0	0	0	0	0	0	0	0	0	0	0	0	0	0	0	0	0	0	0	0	0	0	0	0	0	0	0	0	0	0	0	0	0	0	0	0	0	0	0	0	0	0	0	0	0	0	0	0	0	0	0	0	0	0	0	0	0	0	0	0	0	0	0	0	0	0	0	0	0	0	0	0	0	0	0	0	0	0	0	0	0	0	0	0	0	0	0	0	0	0	0	0	0	0	0	0	0	0	0	0	
0	0	0	0	0	0	0	0	0	0	0	0	0	0	0	0	0	0	0	0	0	0	0	0	1	0	0	0	1	1	0	1	2	3	4	4	5	3	6	5	5	3	3	6	6	7	2	2	2	3	5	6	4	6	9	3	6	6	3	6	6	2	3	2	2	2	1	2	0	0	0	2	1	1	3	4	3	5	1	5	3	2	7	2	5	2	0	0	5	5	5	3	5	2	2	4	0	0	0	0	0	0	0	0	0	0	0	0	0	0	0	0	0	0	0	0	0	0	0	0	0	0	0	0	0	0	0	0	0	0	0	0	0	0	0	0	
0	0	0	0	0	0	0	0	0	0	0	0	0	0	0	0	0	1	0	2	1	8	9	11	7	22	18	35	37	36	47	34	50	52	57	42	43	41	47	49	58	58	56	62	78	81	66	79	74	63	62	57	60	57	60	72	72	68	55	54	58	44	48	58	61	51	42	45	49	43	40	44	42	39	33	36	51	44	45	41	40	42	45	34	51	52	42	41	47	43	42	46	30	34	39	43	0	0	0	0	0	0	0	0	0	0	0	0	0	0	0	0	0	0	0	0	0	0	0	0	0	0	0	0	0	0	0	0	0	0	0	0	0	0	0	0	
0	0	0	0	0	0	0	0	0	0	0	0	0	0	0	0	2	0	5	2	11	21	34	44	69	92	147	205	221	234	212	218	266	254	253	250	247	206	207	194	174	166	160	163	154	163	170	169	152	195	174	172	186	188	184	160	155	165	161	152	185	150	164	169	159	173	155	140	125	137	120	126	103	125	129	112	120	123	138	136	150	136	140	121	122	114	128	143	137	132	120	140	131	113	127	138	0	0	0	0	0	0	0	0	0	0	0	0	0	0	0	0	0	0	0	0	0	0	0	0	0	0	0	0	0	0	0	0	0	0	0	0	0	0	0	0	
0	0	0	0	0	0	0	0	0	0	0	0	0	0	0	0	2	1	3	9	11	29	43	61	93	135	194	258	308	382	371	389	424	461	456	473	442	404	339	315	304	278	257	280	261	243	224	196	202	182	180	203	204	185	192	219	195	190	187	194	191	212	185	201	194	188	214	205	188	166	154	172	179	186	154	145	135	147	139	165	149	165	160	164	178	158	167	145	158	136	153	160	184	162	150	178	0	0	0	0	0	0	0	0	0	0	0	0	0	0	0	0	0	0	0	0	0	0	0	0	0	0	0	0	0	0	0	0	0	0	0	0	0	0	0	0	
0	0	0	0	0	0	0	0	0	0	0	0	0	0	0	0	0	0	1	2	7	12	32	61	64	118	212	250	275	316	319	374	407	435	468	479	470	463	473	480	459	439	383	345	290	297	330	301	284	265	267	242	208	221	179	207	226	217	205	199	202	200	203	218	199	206	216	224	209	195	187	189	195	188	188	184	176	156	179	157	174	187	175	168	167	169	153	164	171	175	177	189	182	153	172	159	0	0	0	0	0	0	0	0	0	0	0	0	0	0	0	0	0	0	0	0	0	0	0	0	0	0	0	0	0	0	0	0	0	0	0	0	0	0	0	0	
0	0	0	0	0	0	0	0	0	0	0	0	0	0	0	0	0	0	0	1	7	12	19	39	51	88	165	201	232	235	278	310	334	353	375	396	449	432	441	452	473	435	454	472	452	449	394	382	366	336	302	290	300	307	290	265	244	245	229	206	213	191	190	211	229	242	239	205	225	193	208	211	204	219	215	189	173	193	188	201	180	189	178	182	169	185	181	196	189	180	155	165	181	165	175	190	0	0	0	0	0	0	0	0	0	0	0	0	0	0	0	0	0	0	0	0	0	0	0	0	0	0	0	0	0	0	0	0	0	0	0	0	0	0	0	0	
0	0	0	0	0	0	0	0	0	0	0	0	0	0	0	0	1	0	0	1	1	3	6	28	43	63	109	153	176	179	216	235	251	260	279	295	315	328	349	375	368	390	386	378	420	429	412	434	439	446	430	386	348	327	322	318	277	286	262	261	258	251	235	222	201	208	212	227	202	221	214	212	203	199	206	195	235	232	195	182	178	199	219	217	214	182	156	176	170	184	172	175	170	183	188	164	0	0	0	0	0	0	0	0	0	0	0	0	0	0	0	0	0	0	0	0	0	0	0	0	0	0	0	0	0	0	0	0	0	0	0	0	0	0	0	0	
0	0	0	0	0	0	0	0	0	0	0	0	0	0	0	0	0	0	0	0	3	6	9	14	26	37	73	98	120	147	147	151	208	188	226	230	241	254	256	260	304	300	307	334	328	321	333	335	358	385	373	367	370	379	377	383	346	339	322	290	270	280	248	272	267	260	225	219	212	193	181	192	188	181	170	175	197	195	201	180	198	182	204	183	175	210	181	177	184	177	175	156	160	169	148	142	0	0	0	0	0	0	0	0	0	0	0	0	0	0	0	0	0	0	0	0	0	0	0	0	0	0	0	0	0	0	0	0	0	0	0	0	0	0	0	0	
0	0	0	0	0	0	0	0	0	0	0	0	0	0	0	0	0	0	0	0	0	1	5	7	17	27	49	59	76	102	113	106	138	150	149	136	158	195	205	193	211	230	234	231	243	253	264	245	269	272	287	281	303	306	338	345	298	344	312	350	316	279	273	263	255	238	241	244	230	223	212	192	190	207	163	174	183	171	148	163	172	173	154	161	183	194	173	172	170	157	166	166	166	190	168	163	0	0	0	0	0	0	0	0	0	0	0	0	0	0	0	0	0	0	0	0	0	0	0	0	0	0	0	0	0	0	0	0	0	0	0	0	0	0	0	0	
0	0	0	0	0	0	0	0	0	0	0	0	0	0	0	0	0	0	0	0	0	0	2	2	5	10	23	43	53	74	77	86	106	116	128	115	114	113	129	133	133	130	174	175	162	176	187	194	190	200	232	202	199	204	238	223	259	244	264	287	279	282	281	286	323	301	252	247	264	246	224	229	197	201	190	188	185	156	157	130	128	132	136	167	163	151	157	157	165	140	147	158	154	154	160	164	0	0	0	0	0	0	0	0	0	0	0	0	0	0	0	0	0	0	0	0	0	0	0	0	0	0	0	0	0	0	0	0	0	0	0	0	0	0	0	0	
0	0	0	0	0	0	0	0	0	0	0	0	0	0	0	0	0	0	0	1	1	1	0	0	1	2	9	14	19	30	29	42	51	53	64	62	78	79	97	106	110	110	103	110	104	107	125	144	124	142	149	159	161	150	141	152	165	164	161	183	190	184	200	224	237	207	244	225	232	236	233	201	206	191	195	172	194	185	154	147	171	140	142	138	126	126	110	113	121	121	127	122	108	130	108	127	0	0	0	0	0	0	0	0	0	0	0	0	0	0	0	0	0	0	0	0	0	0	0	0	0	0	0	0	0	0	0	0	0	0	0	0	0	0	0	0	
0	0	0	0	0	0	0	0	0	0	0	0	0	0	0	0	0	0	0	0	0	0	0	1	3	1	5	5	10	7	10	17	21	30	32	29	41	43	35	47	56	59	71	78	77	98	92	93	87	79	91	92	99	97	101	99	121	130	134	117	120	117	137	138	155	145	147	151	154	157	177	176	206	187	179	171	151	172	155	145	130	154	149	121	131	119	122	106	95	104	103	97	99	98	98	95	0	0	0	0	0	0	0	0	0	0	0	0	0	0	0	0	0	0	0	0	0	0	0	0	0	0	0	0	0	0	0	0	0	0	0	0	0	0	0	0	
0	0	0	0	0	0	0	0	0	0	0	0	0	0	0	0	0	0	0	0	0	0	0	1	2	1	2	1	2	2	4	8	10	6	9	13	15	20	29	36	29	24	31	35	32	44	51	57	59	66	51	57	56	53	60	64	57	77	77	82	83	85	93	83	78	93	103	97	96	98	104	123	112	115	126	125	132	131	138	130	118	122	108	122	111	107	106	97	89	92	92	84	72	61	77	86	0	0	0	0	0	0	0	0	0	0	0	0	0	0	0	0	0	0	0	0	0	0	0	0	0	0	0	0	0	0	0	0	0	0	0	0	0	0	0	0	
0	0	0	0	0	0	0	0	0	0	0	0	0	0	0	0	0	0	0	0	0	0	0	0	0	2	2	1	2	0	1	1	1	2	3	2	3	5	3	6	12	14	12	16	18	18	22	21	31	24	28	27	27	34	41	42	44	44	41	39	39	52	57	50	58	55	49	65	56	42	56	54	60	68	82	70	76	78	81	88	88	94	87	92	80	87	67	78	74	65	68	63	55	55	50	57	0	0	0	0	0	0	0	0	0	0	0	0	0	0	0	0	0	0	0	0	0	0	0	0	0	0	0	0	0	0	0	0	0	0	0	0	0	0	0	0	
0	0	0	0	0	0	0	0	0	0	0	0	0	0	0	0	0	0	0	0	0	0	0	0	0	0	0	1	1	1	1	1	1	0	0	0	1	1	1	1	1	2	1	3	2	6	5	8	7	9	10	14	12	10	10	13	17	23	20	23	23	21	21	27	28	29	27	30	29	29	26	32	25	21	21	25	33	35	29	37	41	52	48	48	54	52	53	46	58	52	52	43	40	43	33	40	0	0	0	0	0	0	0	0	0	0	0	0	0	0	0	0	0	0	0	0	0	0	0	0	0	0	0	0	0	0	0	0	0	0	0	0	0	0	0	0	
0	0	0	0	0	0	0	0	0	0	0	0	0	0	0	0	0	0	0	0	0	0	0	0	0	0	0	0	0	0	0	1	0	0	0	0	0	0	0	1	2	2	0	1	3	1	3	1	4	2	3	4	6	10	10	10	9	7	9	10	13	12	18	23	25	18	19	18	14	20	23	17	20	23	20	24	30	23	25	14	18	21	22	22	21	21	31	23	17	27	28	32	39	31	45	45	0	0	0	0	0	0	0	0	0	0	0	0	0	0	0	0	0	0	0	0	0	0	0	0	0	0	0	0	0	0	0	0	0	0	0	0	0	0	0	0	
0	0	0	0	0	0	0	0	0	0	0	0	0	0	0	0	0	0	0	0	0	0	0	0	0	0	0	0	0	0	0	0	0	0	0	0	0	0	0	0	0	0	0	0	0	0	0	0	0	0	0	0	0	0	0	0	0	0	0	0	0	0	0	0	0	0	0	0	0	0	0	0	0	0	0	0	0	0	0	0	0	0	0	0	0	0	0	0	0	0	0	0	0	0	0	0	0	0	0	0	0	0	0	0	0	0	0	0	0	0	0	0	0	0	0	0	0	0	0	0	0	0	0	0	0	0	0	0	0	0	0	0	0	0	0	0	
0	0	0	0	0	0	0	0	0	0	0	0	0	0	0	0	0	0	0	0	0	0	0	0	0	0	0	0	0	0	0	0	0	0	0	0	0	0	0	0	0	0	0	0	0	0	0	0	0	0	0	0	0	0	0	0	0	0	0	0	0	0	0	0	0	0	0	0	0	0	0	0	0	0	0	0	0	0	0	0	0	0	0	0	0	0	0	0	0	0	0	0	0	0	0	0	0	0	0	0	0	0	0	0	0	0	0	0	0	0	0	0	0	0	0	0	0	0	0	0	0	0	0	0	0	0	0	0	0	0	0	0	0	0	0	0	
0	0	0	0	0	0	1	2	5	7	6	5	4	4	6	8	7	8	10	8	15	14	13	11	12	13	12	7	6	7	7	1	4	3	4	3	3	1	5	2	4	1	5	3	3	2	2	6	2	2	0	0	1	6	3	5	4	4	3	3	1	3	1	1	1	1	1	1	0	1	1	3	6	4	2	1	3	4	5	0	2	3	1	0	2	0	0	1	1	5	3	2	1	2	2	1	0	0	0	0	0	0	0	0	0	0	0	0	0	0	0	0	0	0	0	0	0	0	0	0	0	0	0	0	0	0	0	0	0	0	0	0	0	0	0	0	
0	0	0	0	0	12	21	14	24	50	67	107	150	171	216	218	247	243	238	256	302	316	292	298	279	248	279	220	186	167	178	166	150	128	100	94	83	88	79	65	66	65	74	70	69	61	58	74	77	59	51	56	54	68	68	49	43	46	49	64	55	49	52	52	50	51	57	41	39	42	49	38	32	36	41	46	53	64	50	38	45	38	49	54	46	49	52	42	44	49	34	35	42	59	58	46	0	0	0	0	0	0	0	0	0	0	0	0	0	0	0	0	0	0	0	0	0	0	0	0	0	0	0	0	0	0	0	0	0	0	0	0	0	0	0	0	
0	0	0	0	0	8	18	24	42	79	124	182	248	342	397	487	515	615	628	651	671	714	724	729	736	754	661	608	553	499	484	452	385	326	270	215	196	191	174	155	144	149	121	118	123	95	105	101	109	117	124	104	102	111	106	106	128	105	125	111	103	114	95	88	86	96	87	92	86	89	96	78	91	81	83	86	82	97	100	91	80	82	74	73	89	77	91	76	98	95	106	85	104	112	87	92	0	0	0	0	0	0	0	0	0	0	0	0	0	0	0	0	0	0	0	0	0	0	0	0	0	0	0	0	0	0	0	0	0	0	0	0	0	0	0	0	
0	0	0	0	0	8	13	21	29	43	46	95	146	197	295	361	450	513	557	559	664	685	678	674	698	660	613	568	556	478	494	432	391	343	322	266	224	186	169	154	136	128	128	129	122	111	106	102	94	83	99	86	72	69	94	85	77	89	90	95	81	72	95	101	85	90	78	83	73	65	72	82	75	71	66	82	80	72	84	68	72	74	62	69	74	77	79	75	70	62	65	68	77	79	75	72	0	0	0	0	0	0	0	0	0	0	0	0	0	0	0	0	0	0	0	0	0	0	0	0	0	0	0	0	0	0	0	0	0	0	0	0	0	0	0	0	
0	0	0	0	0	7	13	19	18	29	48	63	96	117	148	187	258	309	387	424	455	532	560	537	516	467	442	419	378	336	328	325	297	266	231	234	217	195	190	188	164	168	147	143	116	111	94	96	91	93	85	69	89	80	85	65	56	53	65	63	77	66	58	79	65	63	72	75	65	61	67	64	72	66	57	75	67	70	66	70	71	56	63	56	40	50	48	65	44	53	71	80	66	71	54	47	0	0	0	0	0	0	0	0	0	0	0	0	0	0	0	0	0	0	0	0	0	0	0	0	0	0	0	0	0	0	0	0	0	0	0	0	0	0	0	0	
0	0	0	0	0	4	7	14	13	20	32	39	62	87	122	156	180	200	255	285	320	361	384	391	395	363	305	306	267	238	213	218	191	167	167	181	163	140	141	153	127	137	152	155	154	138	120	95	90	79	84	95	80	78	88	79	80	69	73	83	76	67	74	62	57	48	48	53	74	55	64	63	66	64	56	59	72	66	59	62	53	63	58	52	54	46	53	48	49	47	48	52	59	61	63	42	0	0	0	0	0	0	0	0	0	0	0	0	0	0	0	0	0	0	0	0	0	0	0	0	0	0	0	0	0	0	0	0	0	0	0	0	0	0	0	0	
0	0	0	0	0	1	6	8	10	12	14	23	30	44	61	79	114	140	152	185	214	240	282	290	278	287	229	208	210	220	195	170	151	139	109	124	119	121	119	99	101	108	104	114	102	104	112	119	109	127	112	93	69	76	97	79	82	65	61	67	83	74	67	60	63	63	51	55	66	69	65	51	64	60	61	59	51	50	61	56	67	68	60	55	60	42	49	36	54	44	57	57	69	46	50	50	0	0	0	0	0	0	0	0	0	0	0	0	0	0	0	0	0	0	0	0	0	0	0	0	0	0	0	0	0	0	0	0	0	0	0	0	0	0	0	0	
0	0	0	0	0	2	3	4	6	5	8	17	16	21	25	37	61	86	97	113	135	157	168	208	197	205	186	177	150	130	110	116	104	120	95	105	84	100	88	82	77	84	79	81	82	72	72	80	69	86	97	83	90	93	79	112	90	81	77	64	64	67	77	58	74	62	57	43	48	46	44	47	45	46	52	58	52	51	48	60	59	59	37	57	50	46	53	51	60	46	45	47	38	40	45	41	0	0	0	0	0	0	0	0	0	0	0	0	0	0	0	0	0	0	0	0	0	0	0	0	0	0	0	0	0	0	0	0	0	0	0	0	0	0	0	0	
0	0	0	0	0	0	0	1	1	0	2	3	6	13	10	23	17	24	34	45	63	67	86	102	121	112	135	127	117	112	118	107	86	75	60	64	62	59	59	66	55	74	72	67	54	64	75	60	51	74	70	74	69	77	67	61	65	76	77	76	78	61	72	63	50	62	73	56	66	44	53	54	59	58	60	46	46	48	45	46	45	38	54	40	47	45	42	47	48	36	48	35	54	44	44	40	0	0	0	0	0	0	0	0	0	0	0	0	0	0	0	0	0	0	0	0	0	0	0	0	0	0	0	0	0	0	0	0	0	0	0	0	0	0	0	0	
0	0	0	0	0	0	0	0	0	2	1	3	2	2	3	9	18	25	21	31	27	33	38	40	52	72	70	64	68	61	54	60	57	57	58	68	57	49	43	41	48	49	35	29	42	42	37	46	55	54	48	53	49	58	42	50	48	60	61	52	62	70	68	79	60	69	68	83	62	59	63	38	47	53	60	56	38	54	43	41	37	45	43	42	39	43	42	40	38	46	38	34	37	27	36	37	0	0	0	0	0	0	0	0	0	0	0	0	0	0	0	0	0	0	0	0	0	0	0	0	0	0	0	0	0	0	0	0	0	0	0	0	0	0	0	0	
0	0	0	0	0	0	0	0	0	0	0	1	3	2	3	3	4	4	6	7	10	15	19	22	24	30	32	26	26	22	29	29	32	23	30	39	43	45	38	32	39	45	30	36	28	27	24	30	31	36	31	34	28	33	36	32	37	43	42	51	52	50	55	39	37	43	36	63	58	52	48	49	39	57	39	56	44	44	49	53	29	31	31	32	29	30	34	28	28	35	34	34	33	31	33	25	0	0	0	0	0	0	0	0	0	0	0	0	0	0	0	0	0	0	0	0	0	0	0	0	0	0	0	0	0	0	0	0	0	0	0	0	0	0	0	0	
0	0	0	0	0	0	0	0	0	0	0	0	0	0	1	1	2	4	4	3	4	6	5	5	10	6	12	10	6	11	18	12	12	12	20	18	18	20	13	15	16	20	17	23	19	20	22	23	22	26	24	24	21	20	25	27	30	20	24	23	30	29	27	34	32	46	38	30	44	44	28	38	45	36	38	41	42	38	43	35	42	32	27	32	32	27	31	28	22	24	22	33	34	34	34	21	0	0	0	0	0	0	0	0	0	0	0	0	0	0	0	0	0	0	0	0	0	0	0	0	0	0	0	0	0	0	0	0	0	0	0	0	0	0	0	0	
0	0	0	0	0	0	0	0	0	0	0	0	0	0	0	0	0	0	0	2	3	3	4	4	2	2	3	2	3	6	6	5	3	2	3	7	7	11	10	6	14	14	5	5	7	9	9	6	9	10	21	13	11	11	15	12	12	20	19	20	21	21	23	19	15	24	15	19	24	27	24	26	25	36	37	25	27	37	37	32	34	31	33	29	23	25	26	26	20	19	22	21	12	16	18	10	0	0	0	0	0	0	0	0	0	0	0	0	0	0	0	0	0	0	0	0	0	0	0	0	0	0	0	0	0	0	0	0	0	0	0	0	0	0	0	0	
0	0	0	0	0	0	0	0	0	0	0	0	0	0	0	0	0	0	0	0	0	0	2	2	4	4	3	1	1	0	1	2	0	1	2	2	1	1	2	2	3	3	4	2	3	5	5	4	4	8	6	11	14	9	8	6	8	7	9	12	17	16	16	22	18	14	16	10	15	10	15	17	20	13	19	18	18	19	26	28	21	15	26	23	27	22	23	20	13	17	8	16	15	14	15	12	0	0	0	0	0	0	0	0	0	0	0	0	0	0	0	0	0	0	0	0	0	0	0	0	0	0	0	0	0	0	0	0	0	0	0	0	0	0	0	0	
0	0	0	0	0	0	0	0	0	0	0	0	0	0	0	0	0	0	0	0	0	0	0	0	0	0	1	3	1	0	1	0	0	1	0	0	0	0	0	0	0	1	1	0	0	1	1	2	4	3	3	3	2	6	4	3	6	2	7	8	8	6	8	7	8	3	7	7	9	12	7	5	7	10	10	14	7	5	3	12	16	10	14	12	15	14	13	13	12	10	7	14	9	9	8	10	0	0	0	0	0	0	0	0	0	0	0	0	0	0	0	0	0	0	0	0	0	0	0	0	0	0	0	0	0	0	0	0	0	0	0	0	0	0	0	0	
0	0	0	0	0	0	0	0	0	0	0	0	0	0	0	0	0	0	0	0	0	0	0	0	0	0	0	0	0	0	0	0	0	0	0	0	0	0	1	0	0	0	1	0	0	0	0	0	1	1	2	2	2	1	1	2	1	1	2	1	4	4	2	4	2	12	3	6	4	4	4	5	3	6	7	5	4	6	2	3	2	5	4	8	3	8	7	7	5	7	7	14	10	12	12	11	0	0	0	0	0	0	0	0	0	0	0	0	0	0	0	0	0	0	0	0	0	0	0	0	0	0	0	0	0	0	0	0	0	0	0	0	0	0	0	0	
